xof 0303txt 0032
template ColorRGBA {
 <35ff44e0-6c7c-11cf-8f52-0040333594a3>
 FLOAT red;
 FLOAT green;
 FLOAT blue;
 FLOAT alpha;
}

template ColorRGB {
 <d3e16e81-7835-11cf-8f52-0040333594a3>
 FLOAT red;
 FLOAT green;
 FLOAT blue;
}

template Material {
 <3d82ab4d-62da-11cf-ab39-0020af71e433>
 ColorRGBA faceColor;
 FLOAT power;
 ColorRGB specularColor;
 ColorRGB emissiveColor;
 [...]
}

template TextureFilename {
 <a42790e1-7810-11cf-8f52-0040333594a3>
 STRING filename;
}

template Frame {
 <3d82ab46-62da-11cf-ab39-0020af71e433>
 [...]
}

template Matrix4x4 {
 <f6f23f45-7686-11cf-8f52-0040333594a3>
 array FLOAT matrix[16];
}

template FrameTransformMatrix {
 <f6f23f41-7686-11cf-8f52-0040333594a3>
 Matrix4x4 frameMatrix;
}

template Vector {
 <3d82ab5e-62da-11cf-ab39-0020af71e433>
 FLOAT x;
 FLOAT y;
 FLOAT z;
}

template MeshFace {
 <3d82ab5f-62da-11cf-ab39-0020af71e433>
 DWORD nFaceVertexIndices;
 array DWORD faceVertexIndices[nFaceVertexIndices];
}

template Mesh {
 <3d82ab44-62da-11cf-ab39-0020af71e433>
 DWORD nVertices;
 array Vector vertices[nVertices];
 DWORD nFaces;
 array MeshFace faces[nFaces];
 [...]
}

template MeshNormals {
 <f6f23f43-7686-11cf-8f52-0040333594a3>
 DWORD nNormals;
 array Vector normals[nNormals];
 DWORD nFaceNormals;
 array MeshFace faceNormals[nFaceNormals];
}

template MeshMaterialList {
 <f6f23f42-7686-11cf-8f52-0040333594a3>
 DWORD nMaterials;
 DWORD nFaceIndexes;
 array DWORD faceIndexes[nFaceIndexes];
 [Material <3d82ab4d-62da-11cf-ab39-0020af71e433>]
}

template Coords2d {
 <f6f23f44-7686-11cf-8f52-0040333594a3>
 FLOAT u;
 FLOAT v;
}

template MeshTextureCoords {
 <f6f23f40-7686-11cf-8f52-0040333594a3>
 DWORD nTextureCoords;
 array Coords2d textureCoords[nTextureCoords];
}

template XSkinMeshHeader {
 <3cf169ce-ff7c-44ab-93c0-f78f62d172e2>
 WORD nMaxSkinWeightsPerVertex;
 WORD nMaxSkinWeightsPerFace;
 WORD nBones;
}

template SkinWeights {
 <6f0d123b-bad2-4167-a0d0-80224f25fabb>
 STRING transformNodeName;
 DWORD nWeights;
 array DWORD vertexIndices[nWeights];
 array FLOAT weights[nWeights];
 Matrix4x4 matrixOffset;
}

template AnimTicksPerSecond {
 <9e415a43-7ba6-4a73-8743-b73d47e88476>
 DWORD AnimTicksPerSecond;
}

template Animation {
 <3d82ab4f-62da-11cf-ab39-0020af71e433>
 [...]
}

template AnimationSet {
 <3d82ab50-62da-11cf-ab39-0020af71e433>
 [Animation <3d82ab4f-62da-11cf-ab39-0020af71e433>]
}

template FloatKeys {
 <10dd46a9-775b-11cf-8f52-0040333594a3>
 DWORD nValues;
 array FLOAT values[nValues];
}

template TimedFloatKeys {
 <f406b180-7b3b-11cf-8f52-0040333594a3>
 DWORD time;
 FloatKeys tfkeys;
}

template AnimationKey {
 <10dd46a8-775b-11cf-8f52-0040333594a3>
 DWORD keyType;
 DWORD nKeys;
 array TimedFloatKeys keys[nKeys];
}


Material Line_Dif_01_Mat {
 1.000000;1.000000;1.000000;1.000000;;
 10.000000;
 0.000000;0.000000;0.000000;;
 0.000000;0.000000;0.000000;;

 TextureFilename {
  "Line_Dif_01.tga";
 }
}

Frame Root {
 

 FrameTransformMatrix {
  0.000066,0.000000,-1.000000,0.000000,0.000000,1.000000,0.000000,0.000000,1.000000,0.000000,0.000066,0.000000,0.000000,0.000000,0.000000,1.000000;;
 }

 Frame pelvis {
  

  FrameTransformMatrix {
   0.995263,-0.071101,-0.066300,0.000000,0.070702,0.997463,-0.008338,0.000000,0.066724,0.003611,0.997765,0.000000,-0.663182,91.498304,0.000000,1.000000;;
  }

  Frame Spine_01 {
   

   FrameTransformMatrix {
    0.985973,0.163973,0.031154,0.000000,-0.163861,0.986465,-0.006123,0.000000,-0.031736,0.000932,0.999496,0.000000,0.110502,24.648698,-0.000000,1.000000;;
   }

   Frame Spine_02 {
    

    FrameTransformMatrix {
     0.991800,-0.124944,0.026866,0.000000,0.123770,0.991436,0.041662,0.000000,-0.031841,-0.037995,0.998770,0.000000,-0.000001,24.644714,0.000000,1.000000;;
    }

    Frame Clavicle_L {
     

     FrameTransformMatrix {
      0.018894,0.971012,-0.238283,0.000000,0.039527,0.237414,0.970604,0.000000,0.999040,-0.027758,-0.033896,0.000000,1.062800,0.829117,6.156762,1.000000;;
     }

     Frame Upper_Arm_L {
      

      FrameTransformMatrix {
       -0.070629,0.154356,-0.985488,0.000000,-0.982510,0.159879,0.095457,0.000000,0.172293,0.974994,0.140364,0.000000,-0.000061,10.103458,0.000000,1.000000;;
      }

      Frame Armroll_L {
       

       FrameTransformMatrix {
        0.925291,0.000000,0.379259,0.000000,0.000000,1.000000,0.000000,0.000000,-0.379259,0.000000,0.925291,0.000000,0.000000,17.405517,0.000000,1.000000;;
       }
      }

      Frame Forearm_L {
       

       FrameTransformMatrix {
        0.191972,0.965204,-0.177560,0.000000,-0.883214,0.091033,-0.460051,0.000000,-0.427879,0.245141,0.869957,0.000000,0.000001,26.108269,0.000000,1.000000;;
       }

       Frame Hand_L {
        

        FrameTransformMatrix {
         0.246258,0.274079,-0.929644,0.000000,-0.947473,0.270053,-0.171363,0.000000,0.204086,0.923012,0.326185,0.000000,0.000000,22.695987,0.000004,1.000000;;
        }

        Frame Thumb_01_L {
         

         FrameTransformMatrix {
          0.862325,-0.109629,0.494346,0.000000,-0.083147,0.932373,0.351806,0.000000,-0.499482,-0.344475,0.794893,0.000000,0.000000,1.651787,0.000000,1.000000;;
         }

         Frame Thumb_02_L {
          

          FrameTransformMatrix {
           0.956220,-0.289815,-0.040627,0.000000,0.287958,0.907024,0.307226,0.000000,-0.052189,-0.305474,0.950769,0.000000,0.000000,3.721794,-0.000002,1.000000;;
          }

          Frame Thumb_03_L {
           

           FrameTransformMatrix {
            0.985470,-0.169847,0.000092,0.000000,0.167228,0.970368,0.174417,0.000000,-0.029714,-0.171867,0.984672,0.000000,0.000000,3.252781,-0.000004,1.000000;;
           }

           Frame Thumb_04_L {
            

            FrameTransformMatrix {
             1.000000,-0.000000,0.000000,0.000000,0.000000,1.000000,0.000000,0.000000,0.000000,-0.000000,1.000000,0.000000,0.000000,2.874678,-0.000008,1.000000;;
            }
           }
          }
         }
        }

        Frame Point_01_L {
         

         FrameTransformMatrix {
          0.913180,-0.129445,-0.386455,0.000000,0.403497,0.420673,0.812542,0.000000,0.057392,-0.897930,0.436380,0.000000,2.483665,3.332970,6.364266,1.000000;;
         }

         Frame Point_02_L {
          

          FrameTransformMatrix {
           0.992063,-0.109627,0.061583,0.000000,0.123842,0.936653,-0.327635,0.000000,-0.021764,0.332661,0.942795,0.000000,-0.000004,2.648893,-0.000008,1.000000;;
          }

          Frame Point_03_L {
           

           FrameTransformMatrix {
            0.999777,-0.009789,0.018737,0.000000,0.010471,0.999274,-0.036642,0.000000,-0.018365,0.036830,0.999153,0.000000,-0.000004,2.344780,0.000015,1.000000;;
           }

           Frame Point_04_L {
            

            FrameTransformMatrix {
             1.000000,0.000000,0.000000,0.000000,0.000000,1.000000,0.000000,0.000000,0.000000,0.000000,1.000000,0.000000,0.000004,3.744720,0.000000,1.000000;;
            }
           }
          }
         }
        }
       }

       Frame ForeArm_Twist2_L {
        

        FrameTransformMatrix {
         0.788364,0.000000,-0.615209,0.000000,-0.000000,1.000000,0.000000,0.000000,0.615209,-0.000000,0.788364,0.000000,0.000000,15.130640,0.000004,1.000000;;
        }
       }
      }
     }
    }

    Frame Clavicle_R {
     

     FrameTransformMatrix {
      0.049884,0.990635,0.127103,0.000000,-0.241486,0.135449,-0.960905,0.000000,-0.969122,0.017241,0.245981,0.000000,1.062716,0.828369,-6.157505,1.000000;;
     }

     Frame Upper_Arm_R {
      

      FrameTransformMatrix {
       -0.318118,0.263216,0.910779,0.000000,-0.894722,0.234309,-0.380225,0.000000,-0.313485,-0.935851,0.160967,0.000000,0.000015,10.103462,-0.000000,1.000000;;
      }

      Frame Armroll_R {
       

       FrameTransformMatrix {
        0.824697,-0.000000,-0.565575,0.000000,0.000000,1.000000,0.000000,0.000000,0.565575,-0.000000,0.824697,0.000000,0.000002,17.405502,0.000000,1.000000;;
       }
      }

      Frame Forearm_R {
       

       FrameTransformMatrix {
        0.240101,0.963886,0.115218,0.000000,-0.771950,0.117616,0.624707,0.000000,0.588595,-0.238935,0.772312,0.000000,0.000004,26.108269,0.000000,1.000000;;
       }

       Frame Hand_R {
        

        FrameTransformMatrix {
         0.709723,0.703598,-0.035264,0.000000,-0.114146,0.164246,0.979793,0.000000,0.695172,-0.691356,0.196882,0.000000,0.000008,22.695992,0.000000,1.000000;;
        }

        Frame Thumb_01_R {
         

         FrameTransformMatrix {
          0.961755,-0.269552,0.048680,0.000000,0.273712,0.938968,-0.208378,0.000000,0.010459,0.213733,0.976836,0.000000,0.000008,1.656841,0.000000,1.000000;;
         }

         Frame Thumb_02_R {
          

          FrameTransformMatrix {
           0.988490,-0.151152,0.006453,0.000000,0.150218,0.975524,-0.160588,0.000000,0.017978,0.159708,0.987001,0.000000,0.000008,3.721786,0.000000,1.000000;;
          }

          Frame Thumb_03_R {
           

           FrameTransformMatrix {
            0.983356,-0.181675,0.002105,0.000000,0.178869,0.966004,-0.186660,0.000000,0.031878,0.183930,0.982422,0.000000,0.000004,3.252777,-0.000008,1.000000;;
           }

           Frame Thumb_04_R {
            

            FrameTransformMatrix {
             1.000000,-0.000000,0.000000,0.000000,-0.000000,1.000000,0.000000,0.000000,0.000000,0.000000,1.000000,0.000000,-0.000008,2.874674,0.000000,1.000000;;
            }
           }
          }
         }
        }

        Frame Point_01_R {
         

         FrameTransformMatrix {
          0.901654,-0.423039,0.089764,0.000000,0.303581,0.471341,-0.828056,0.000000,0.307990,0.773871,0.553413,0.000000,2.493187,3.327862,-6.363212,1.000000;;
         }

         Frame Point_02_R {
          

          FrameTransformMatrix {
           0.986429,-0.145156,-0.076730,0.000000,0.164118,0.885361,0.434972,0.000000,0.004795,-0.441662,0.897169,0.000000,0.000000,2.648895,-0.000015,1.000000;;
          }

          Frame Point_03_R {
           

           FrameTransformMatrix {
            0.992665,-0.114483,-0.038848,0.000000,0.120595,0.915074,0.384834,0.000000,-0.008508,-0.386696,0.922168,0.000000,0.000000,2.344788,-0.000008,1.000000;;
           }

           Frame Point_04_R {
            

            FrameTransformMatrix {
             1.000000,0.000000,0.000000,0.000000,-0.000000,1.000000,0.000000,0.000000,-0.000000,0.000000,1.000000,0.000000,0.000004,3.744720,-0.000008,1.000000;;
            }
           }
          }
         }
        }
       }

       Frame ForeArm_Twist2_R {
        

        FrameTransformMatrix {
         0.963658,-0.000000,-0.267140,0.000000,0.000000,1.000000,0.000000,0.000000,0.267140,-0.000000,0.963658,0.000000,0.000008,15.130646,0.000004,1.000000;;
        }
       }
      }
     }
    }

    Frame Neck {
     

     FrameTransformMatrix {
      0.827720,-0.561142,0.000000,0.000000,0.561142,0.827720,0.000000,0.000000,0.000000,-0.000000,1.000000,0.000000,3.894129,9.593322,0.000000,1.000000;;
     }

     Frame Head {
      

      FrameTransformMatrix {
       0.940761,-0.337563,0.031931,0.000000,0.338106,0.941014,-0.013335,0.000000,-0.025547,0.023341,0.999401,0.000000,0.000008,7.122604,-0.000000,1.000000;;
      }

      Frame Jaw {
       

       FrameTransformMatrix {
        0.957883,0.287159,0.000000,0.000000,-0.287159,0.957883,-0.000000,0.000000,0.000000,0.000000,1.000000,0.000000,0.391678,3.838501,0.000000,1.000000;;
       }
      }
     }
    }
   }
  }

  Frame Thigh_L {
   

   FrameTransformMatrix {
    0.985801,0.167170,-0.015851,0.000000,0.167770,-0.976519,0.135146,0.000000,0.007114,-0.135886,-0.990699,0.000000,-1.159132,1.191979,9.217898,1.000000;;
   }

   Frame Calf_L {
    

    FrameTransformMatrix {
     0.901525,0.284203,-0.326313,0.000000,-0.255594,0.958218,0.128418,0.000000,0.349176,-0.032368,0.936498,0.000000,-0.000001,39.394106,-0.000002,1.000000;;
    }

    Frame Foot_L {
     

     FrameTransformMatrix {
      0.445979,-0.892393,0.068827,0.000000,0.893574,0.448333,0.022865,0.000000,-0.051262,0.051304,0.997367,0.000000,-0.000000,43.118918,0.000000,1.000000;;
     }

     Frame Toe_L {
      

      FrameTransformMatrix {
       1.000000,0.000000,0.000000,0.000000,-0.000000,1.000000,-0.000000,0.000000,-0.000000,-0.000000,1.000000,0.000000,0.000000,15.260675,-0.000002,1.000000;;
      }
     }
    }
   }
  }

  Frame Thigh_R {
   

   FrameTransformMatrix {
    0.144746,-0.985450,-0.089091,0.000000,-0.932476,-0.105738,-0.345409,0.000000,0.330963,0.133072,-0.934214,0.000000,-1.159132,1.191994,-9.217899,1.000000;;
   }

   Frame Calf_R {
    

    FrameTransformMatrix {
     0.289703,-0.824366,0.486306,0.000000,0.956253,0.227713,-0.183652,0.000000,0.040658,0.518236,0.854271,0.000000,39.394109,-0.000000,0.000000,1.000000;;
    }

    Frame Foot_R {
     

     FrameTransformMatrix {
      0.409026,-0.911969,0.031793,0.000000,0.895536,0.407860,0.177947,0.000000,-0.175249,-0.044314,0.983526,0.000000,-0.000001,43.118928,0.000000,1.000000;;
     }

     Frame Toe_R {
      

      FrameTransformMatrix {
       1.000000,-0.000000,0.000000,0.000000,-0.000000,1.000000,-0.000000,0.000000,0.000000,0.000000,1.000000,0.000000,-0.000001,15.260675,0.000002,1.000000;;
      }
     }
    }
   }
  }
 }
}

Frame CasualGirl_01 {
 

 FrameTransformMatrix {
  1.000000,0.000000,0.000000,0.000000,0.000000,1.000000,0.000000,0.000000,0.000000,0.000000,1.000000,0.000000,0.000000,0.000000,0.000000,1.000000;;
 }

 Mesh CasualGirl_01 {
  7551;
  -15.533614;136.243418;2.845486;,
  -15.821200;137.261645;1.305231;,
  -15.822869;136.463526;1.816337;,
  8.092947;74.568090;6.627968;,
  5.611944;73.384966;4.136335;,
  8.847021;66.085632;5.204412;,
  4.651357;78.261062;4.939175;,
  10.985730;66.485491;6.396815;,
  10.729195;74.407987;7.098204;,
  11.707999;58.533318;6.273831;,
  9.382049;57.681760;4.348272;,
  7.857583;52.173142;0.030716;,
  8.403726;54.320838;2.306234;,
  7.690605;54.715136;-0.333681;,
  8.070383;55.441574;1.492364;,
  8.031324;58.892806;2.285368;,
  6.945765;65.895974;3.096107;,
  3.823165;73.407053;1.398154;,
  2.804206;78.180627;2.024337;,
  2.030331;81.082240;2.764955;,
  5.597061;65.869453;0.527324;,
  7.234497;58.626880;-0.003175;,
  2.231316;82.052218;5.301164;,
  1.289185;82.442656;4.885036;,
  3.953740;80.987283;5.603490;,
  6.593716;78.896851;7.350382;,
  9.087695;79.566470;8.506022;,
  11.128723;80.181440;8.155374;,
  9.461359;83.141600;9.670744;,
  9.087695;79.566470;8.506022;,
  11.672538;84.149331;9.011435;,
  9.501684;85.805370;10.767411;,
  11.702743;86.866202;9.802447;,
  7.484223;84.985651;10.866504;,
  10.919186;52.766960;6.104676;,
  13.930448;58.756038;6.652685;,
  13.270302;66.945018;6.380699;,
  13.020590;75.310579;6.609774;,
  13.354431;81.663699;7.200402;,
  13.754842;85.996109;7.728794;,
  15.161131;88.808838;5.815670;,
  15.200090;83.664742;5.249766;,
  16.834144;85.515386;2.754761;,
  15.200469;76.211360;4.842699;,
  15.609189;67.322528;4.868490;,
  16.301392;59.000755;5.294543;,
  12.469450;52.897315;6.630378;,
  18.460741;86.520691;-0.037620;,
  19.062710;78.468237;-0.322630;,
  17.227814;77.235590;2.349841;,
  17.779571;67.840410;2.463827;,
  18.352603;58.437536;2.775851;,
  15.026898;53.082406;5.941719;,
  17.613336;53.156349;4.425606;,
  19.747693;54.761472;1.147203;,
  20.323384;56.181062;-0.305042;,
  20.740638;55.525312;-2.243822;,
  21.066434;47.861958;0.826016;,
  21.072354;50.217466;-0.224388;,
  20.331869;49.774560;2.021673;,
  19.822056;47.732557;3.382519;,
  19.613101;50.852160;2.474219;,
  17.758982;48.797251;5.274301;,
  19.091102;52.886272;2.713764;,
  20.736485;52.459581;-0.687206;,
  20.234290;52.532704;-3.704791;,
  21.074843;44.177146;-1.342150;,
  20.851141;48.017174;-1.976778;,
  20.255075;44.167136;-4.103504;,
  19.707920;48.039046;-4.491275;,
  18.191403;47.904326;-6.258688;,
  19.265739;50.496669;-5.179644;,
  20.567091;50.477437;-2.801396;,
  19.890770;55.199936;-4.644682;,
  18.841963;52.501011;-6.003600;,
  17.629550;50.352176;-6.848020;,
  16.514870;47.722774;-7.450772;,
  18.849442;43.997312;-5.917385;,
  17.198219;43.762208;-7.097670;,
  19.490410;38.797027;-5.485266;,
  17.725155;38.490483;-6.677730;,
  14.863171;47.597629;-8.284698;,
  15.841122;50.160787;-7.957127;,
  17.093045;52.324058;-7.593490;,
  18.214525;55.016614;-6.938581;,
  19.401659;60.135514;-5.524174;,
  20.478397;60.415098;-2.875518;,
  19.556813;68.715264;-0.255489;,
  19.937771;60.331411;-0.181390;,
  20.164269;69.330848;-3.118254;,
  18.821560;69.121152;-5.974821;,
  19.727757;79.233510;-3.156914;,
  18.238461;79.024550;-6.138636;,
  20.164269;69.330848;-3.118254;,
  15.753963;78.345498;-8.708634;,
  16.531075;68.569261;-8.378424;,
  17.416322;59.764154;-7.804004;,
  14.297202;68.100570;-9.886046;,
  13.432886;77.698182;-10.315388;,
  12.815791;84.968973;-10.193426;,
  15.199486;85.691642;-8.521093;,
  17.622376;86.429478;-5.945455;,
  19.053182;86.802438;-2.938593;,
  12.348423;90.447981;-9.853721;,
  14.751150;91.196410;-8.223414;,
  16.986528;91.952941;-5.736113;,
  18.291435;92.526106;-2.844425;,
  17.893051;92.859987;-0.034341;,
  16.287144;93.432070;3.198135;,
  11.182512;94.606950;9.728885;,
  12.933810;94.461626;7.858266;,
  12.917487;96.344691;7.071070;,
  14.294435;94.381696;6.109453;,
  14.646910;95.776883;5.101082;,
  16.308096;97.950790;1.954911;,
  17.391346;97.408506;-0.410006;,
  17.538186;96.833894;-2.989236;,
  16.316616;96.145888;-5.719639;,
  15.884971;98.852109;-5.922629;,
  17.051499;99.572883;-3.272170;,
  17.102152;100.133594;-0.847278;,
  16.251030;100.625888;1.358350;,
  14.716954;98.532717;4.059843;,
  14.715013;101.111162;3.283419;,
  12.843147;99.130509;5.888300;,
  12.800610;101.549882;4.933267;,
  4.886384;100.058451;9.613059;,
  2.747128;100.089613;9.653958;,
  2.925848;97.268806;11.059242;,
  5.124360;97.242067;11.213424;,
  6.942399;100.075411;9.318179;,
  7.173425;97.295520;10.961402;,
  8.942054;99.987770;8.644086;,
  9.132907;97.237600;10.201876;,
  10.912330;99.642906;7.467073;,
  11.063059;96.877261;8.839454;,
  9.236387;94.664179;11.293302;,
  7.286668;94.525971;12.118705;,
  9.288916;92.293037;11.901026;,
  7.340650;91.884595;12.734555;,
  9.329942;90.133645;12.002410;,
  7.399204;89.464557;12.738496;,
  9.397054;87.977434;11.609028;,
  11.284062;92.638285;10.235260;,
  11.387978;90.737632;10.449282;,
  11.518257;88.839430;10.326094;,
  7.487209;87.120813;12.116961;,
  13.577280;88.436813;8.398858;,
  12.850504;89.444838;9.137271;,
  13.225746;91.056550;8.598760;,
  13.145910;92.887949;8.127834;,
  14.505206;90.830419;6.937161;,
  14.681298;93.111059;5.980268;,
  7.872682;10.274706;1.123093;,
  9.891033;8.861967;-0.925468;,
  8.859654;7.911526;1.545494;,
  11.341695;9.645082;-3.012314;,
  9.035915;11.080173;-1.485622;,
  7.373634;14.717781;0.778427;,
  8.657535;15.229250;-1.792589;,
  7.247095;19.293941;0.673953;,
  8.513868;19.612538;-1.905043;,
  7.487503;24.411757;0.511543;,
  8.699742;24.631784;-2.106086;,
  7.979110;30.441008;0.439008;,
  9.144418;30.620298;-2.375452;,
  11.180526;42.878755;-5.724092;,
  9.761960;42.550621;-3.112417;,
  9.579792;47.127549;-3.219831;,
  11.079286;37.220806;-5.345844;,
  9.561478;36.838019;-2.748924;,
  10.718989;30.958486;-4.702683;,
  10.349889;24.925125;-4.172201;,
  10.251370;19.976971;-3.919496;,
  10.443297;15.753136;-3.847650;,
  11.935194;20.238168;-5.159269;,
  12.002123;25.193819;-5.456742;,
  12.345462;31.271008;-6.172710;,
  12.675323;37.546534;-7.002499;,
  12.607026;43.111363;-7.456261;,
  10.819556;47.307616;-5.839310;,
  12.054381;47.411907;-7.606476;,
  16.420437;20.549858;-5.653959;,
  13.885379;20.421133;-5.710418;,
  13.869394;25.418520;-6.026216;,
  14.119322;31.560970;-6.823182;,
  14.327768;37.859434;-7.726606;,
  14.071701;43.330643;-8.225050;,
  13.345596;47.503418;-8.435443;,
  18.627534;25.830008;-5.148087;,
  19.007683;20.619646;-4.876520;,
  16.217870;25.626654;-5.926900;,
  16.131597;31.854112;-6.676548;,
  16.004210;38.175712;-7.514752;,
  15.599032;43.544003;-7.986125;,
  18.192381;32.154029;-5.880403;,
  20.111400;32.463536;-4.581182;,
  20.682280;26.046957;-3.691891;,
  21.126272;20.616046;-3.304074;,
  22.045400;26.145533;-1.526514;,
  22.571278;20.496022;-0.996687;,
  22.378715;26.021163;1.385282;,
  21.789699;32.635152;0.362128;,
  21.664187;25.707811;4.589461;,
  21.161563;32.403885;3.631364;,
  23.134782;20.234611;1.995893;,
  22.901413;15.701531;-1.034518;,
  21.354077;16.018262;-3.472041;,
  19.220638;16.216914;-5.079160;,
  16.604138;16.270749;-5.795228;,
  22.522850;11.577518;-1.989725;,
  20.981678;11.967146;-4.310451;,
  18.932781;12.216822;-5.758088;,
  16.347448;12.285334;-6.295176;,
  13.869358;12.233614;-6.061796;,
  14.051024;16.206224;-5.779823;,
  12.160622;12.127586;-5.172841;,
  12.538135;9.971293;-4.621428;,
  14.007461;10.066199;-5.649830;,
  15.246666;9.737481;-5.982103;,
  17.775589;9.781658;-5.718701;,
  19.670275;9.614932;-4.532186;,
  21.185162;9.320951;-2.469729;,
  12.128276;16.058962;-5.157424;,
  10.698423;11.793590;-3.641000;,
  5.779126;82.207642;8.452268;,
  7.789622;80.175827;8.663426;,
  7.692857;82.769747;9.619674;,
  5.850316;84.457274;10.629002;,
  5.711472;86.488614;12.112770;,
  4.173084;84.284896;10.239175;,
  4.034760;82.771750;8.110125;,
  3.421813;82.029363;6.196878;,
  2.586093;82.878022;7.523742;,
  1.502140;83.284256;7.122438;,
  2.711293;84.356742;9.777803;,
  3.997717;86.265581;11.857197;,
  2.548178;86.265779;11.441828;,
  1.559757;86.306368;10.953162;,
  1.347269;87.812864;11.596118;,
  0.760990;86.530157;10.753396;,
  1.605603;84.659059;9.317321;,
  5.515601;88.875597;12.841881;,
  3.590760;88.577530;12.517906;,
  2.056859;88.322432;12.025722;,
  0.772736;88.250259;11.511195;,
  -0.462284;88.529587;12.237029;,
  0.244111;87.869830;11.700501;,
  -0.032073;86.475789;11.137868;,
  -0.960162;86.653901;11.784246;,
  -1.916655;88.663488;12.925811;,
  -1.582043;91.230605;12.791016;,
  -3.665990;91.472755;13.478744;,
  -1.505799;94.189248;12.284054;,
  -3.666575;94.295578;12.906597;,
  -3.713281;97.209325;11.803906;,
  0.767907;90.496032;11.998586;,
  0.733854;94.159488;11.762238;,
  -1.553700;97.252595;11.358508;,
  0.669366;97.298195;10.955755;,
  3.022220;94.205632;11.981550;,
  5.244725;94.327827;12.311257;,
  5.339193;91.505338;12.877130;,
  3.184633;91.247859;12.472565;,
  2.212315;78.855539;-4.802628;,
  2.032868;78.238502;-1.341471;,
  1.430809;80.857747;-1.432243;,
  1.518266;81.766234;-5.230454;,
  2.263197;84.264602;-8.335754;,
  3.204711;80.484442;-7.870766;,
  4.323671;74.409446;-7.386105;,
  3.319207;73.716902;-4.493259;,
  3.106287;73.443360;-1.517191;,
  0.704995;82.976877;-5.376138;,
  0.788706;81.993056;-1.572446;,
  1.038232;82.057600;2.169217;,
  2.030331;81.082240;2.764955;,
  2.804206;78.180627;2.024337;,
  3.823165;73.407053;1.398154;,
  5.597061;65.869453;0.527324;,
  0.378588;82.258822;2.100160;,
  5.118260;65.846208;-2.075494;,
  7.234497;58.626880;-0.003175;,
  7.067146;58.504147;-2.409077;,
  7.690605;54.715136;-0.333681;,
  6.108162;66.113075;-7.350335;,
  5.343924;65.896646;-4.705469;,
  7.394199;58.441747;-4.863607;,
  8.012125;58.467283;-7.236474;,
  9.109550;58.605971;-9.007386;,
  7.502438;66.486528;-9.456970;,
  8.239325;52.045091;-2.797077;,
  7.857583;52.173142;0.030716;,
  7.866770;54.402605;-2.579937;,
  8.472193;54.276077;-4.918513;,
  9.287859;54.222163;-7.144003;,
  10.406472;54.257920;-8.806651;,
  10.929075;58.879373;-9.835490;,
  11.632316;51.893398;-8.774038;,
  10.253571;51.878624;-7.441856;,
  9.138295;51.939750;-5.319448;,
  10.013197;49.968362;-5.685182;,
  8.927686;49.951094;-3.023876;,
  11.192011;49.962944;-7.569706;,
  12.513773;49.994118;-8.581758;,
  13.341046;51.974979;-9.065009;,
  12.098959;54.394426;-9.399129;,
  14.067843;54.587251;-9.212326;,
  13.118701;59.201587;-9.854636;,
  15.318643;59.473856;-9.206608;,
  16.195118;54.803309;-8.447563;,
  15.184715;52.112096;-8.593450;,
  14.100042;50.050557;-8.625769;,
  12.024222;67.624512;-10.562751;,
  11.069686;77.004640;-11.008799;,
  10.311367;84.220486;-11.021331;,
  9.729200;89.724749;-10.781273;,
  15.199486;85.691642;-8.521093;,
  12.815791;84.968973;-10.193426;,
  12.348423;90.447981;-9.853721;,
  7.525886;83.421344;-11.064386;,
  6.843853;89.053299;-11.159109;,
  8.458901;76.186579;-10.837846;,
  9.616890;67.039130;-10.473247;,
  6.057471;75.309978;-9.673568;,
  4.980521;82.269088;-10.077255;,
  3.729070;88.241267;-10.796775;,
  3.645628;92.963290;-11.477752;,
  6.424527;93.416877;-11.106344;,
  -3.057661;95.596723;-12.102314;,
  -0.974431;95.562925;-12.405974;,
  -0.928156;93.173690;-11.544016;,
  1.212587;95.624685;-12.356222;,
  1.273044;93.025094;-11.662140;,
  3.571159;95.802502;-12.008709;,
  1.249763;89.545805;-10.546547;,
  0.955988;85.823194;-8.463502;,
  -0.459696;86.132179;-8.296823;,
  -0.783773;89.810502;-10.398592;,
  -2.946087;93.029677;-11.385698;,
  -2.630891;89.602426;-10.268465;,
  -5.292921;92.903226;-10.880329;,
  -5.018598;88.147296;-10.143569;,
  -8.189098;88.782074;-10.092258;,
  -8.492594;83.160998;-9.779393;,
  -1.877394;85.882688;-8.191265;,
  -13.938248;67.503987;-7.409375;,
  -11.867891;67.147283;-8.363279;,
  -14.191331;58.837171;-6.009791;,
  -11.551846;76.543450;-9.117786;,
  -8.918198;75.894509;-9.275219;,
  -5.745914;82.161331;-9.139025;,
  -2.969741;84.318803;-7.860322;,
  -1.011102;83.004794;-5.229303;,
  -0.162408;83.147712;-5.364304;,
  -14.540990;54.130918;-4.599615;,
  -12.247191;58.681696;-7.038344;,
  -9.479124;66.711149;-8.579361;,
  -10.092631;58.494003;-7.465825;,
  -6.269196;75.167597;-8.425459;,
  -7.122621;66.312422;-7.845502;,
  -8.033322;58.353728;-7.028903;,
  -8.662541;53.888358;-6.138708;,
  -10.632507;53.916346;-6.326954;,
  -12.652232;54.008659;-5.719043;,
  -3.473110;80.534547;-7.164210;,
  -3.995535;74.419622;-6.380090;,
  -5.148857;66.051437;-5.951358;,
  -6.367204;58.315270;-5.424994;,
  -7.026192;53.948499;-4.875234;,
  -7.392208;51.476262;-4.658625;,
  -5.926293;51.634643;-2.948639;,
  -5.735728;54.091469;-2.930934;,
  -5.134472;58.373555;-3.164040;,
  -3.738494;65.949178;-3.442402;,
  -2.376645;73.868326;-3.642924;,
  -1.897797;79.014253;-4.215881;,
  -1.648893;81.842394;-4.886473;,
  -1.217890;78.483552;-0.803830;,
  -0.984998;80.935072;-1.180134;,
  -0.516189;82.044115;-1.431664;,
  0.139277;82.152902;-1.612840;,
  -3.071829;65.985235;-0.870921;,
  -3.307528;66.059174;1.777143;,
  -4.420895;58.714822;1.603059;,
  -1.691421;73.689984;-0.721293;,
  -2.086041;73.690406;2.267441;,
  -1.575315;78.462509;2.632645;,
  -1.096117;81.251661;3.119239;,
  -0.297664;82.115731;2.305582;,
  -6.076193;49.566173;-2.867635;,
  -4.878028;51.871315;-0.697545;,
  -4.876138;54.320026;-0.683616;,
  -4.616623;54.723206;1.504407;,
  -4.428671;58.524038;-0.798308;,
  -15.040906;43.208493;-1.420752;,
  -15.098715;47.164093;-1.875154;,
  -13.530922;47.011021;-3.189177;,
  -13.388409;49.487546;-3.869951;,
  -11.689209;46.919203;-4.260121;,
  -11.457776;49.416474;-4.846196;,
  -9.772395;46.876960;-4.721732;,
  -9.486520;49.419072;-5.150948;,
  -7.915503;46.867763;-4.151767;,
  -7.649235;49.469114;-4.434127;,
  -8.187627;42.595405;-3.545747;,
  -15.047906;49.631738;-2.585429;,
  -14.909427;51.620845;-3.488855;,
  -13.151458;51.472787;-4.726467;,
  -11.171468;51.396854;-5.544561;,
  -9.175894;51.399302;-5.619035;,
  -16.263582;47.286016;-0.120450;,
  -16.188978;43.364701;0.376567;,
  -16.300054;49.757686;-0.845051;,
  -16.257453;51.759549;-1.747554;,
  -16.056208;54.273805;-2.877567;,
  -15.815960;59.045600;-4.316864;,
  -16.970573;51.784858;0.612369;,
  -17.002453;54.430221;-0.471603;,
  -16.986389;49.739302;1.481223;,
  -16.914402;47.285264;2.307420;,
  -16.725715;43.425574;3.068170;,
  -16.296082;38.184630;1.028210;,
  -16.755768;38.310643;3.958016;,
  -16.793229;31.924714;2.155924;,
  -17.281616;32.061638;5.138331;,
  -16.919720;32.055024;8.392668;,
  -16.418786;38.360173;7.147641;,
  -16.488525;43.471917;6.017418;,
  -16.859325;47.262714;4.955462;,
  -17.040853;49.572582;3.938263;,
  -16.940610;51.805149;3.541929;,
  -19.149440;10.186661;9.559730;,
  -18.877912;9.049642;5.951830;,
  -18.400491;8.251666;9.197622;,
  -19.696592;10.812550;6.165626;,
  -19.177448;14.361235;9.661560;,
  -19.683445;14.714458;6.400230;,
  -18.593880;19.529235;9.682484;,
  -19.036482;19.713546;6.453295;,
  -17.735715;25.470067;9.320454;,
  -18.118648;25.563562;6.084107;,
  -17.562725;25.505848;3.119162;,
  -18.417563;19.875686;3.479185;,
  -19.046794;15.140539;3.364196;,
  -19.131554;11.416014;2.971787;,
  -18.401962;9.662788;2.904322;,
  -17.759304;11.856581;0.544754;,
  -17.182778;10.049854;0.638238;,
  -17.602891;15.476192;1.017126;,
  -15.692318;12.102694;-1.038536;,
  -15.328269;10.191810;-0.771882;,
  -17.037634;19.955818;1.233546;,
  -15.497528;15.699621;-0.543833;,
  -13.042740;12.110508;-1.702273;,
  -12.923005;10.033934;-1.286975;,
  -16.288568;25.354413;0.985435;,
  -15.050306;19.990715;-0.258114;,
  -12.874831;15.806624;-1.225945;,
  -10.480484;12.008952;-1.552235;,
  -10.600228;9.944342;-1.007802;,
  -9.039642;9.807800;0.032703;,
  -12.601938;20.008291;-0.945829;,
  -14.474366;25.178651;-0.394418;,
  -15.573723;31.699078;0.167448;,
  -15.111619;37.985520;-0.838229;,
  -13.898506;31.453203;-1.086834;,
  -13.537733;37.745248;-2.030008;,
  -13.516811;43.013869;-2.660274;,
  -11.836034;42.844621;-3.682201;,
  -10.040227;42.702730;-4.097918;,
  -11.897955;37.505434;-2.920737;,
  -12.301066;25.061301;-1.105650;,
  -12.042174;31.239786;-1.866016;,
  -10.168035;37.287293;-3.214412;,
  -10.142136;31.056742;-2.034224;,
  -10.127792;24.969386;-1.170085;,
  -10.185545;20.000395;-0.951267;,
  -8.312395;24.851798;-0.607597;,
  -8.286803;19.929114;-0.374255;,
  -6.696345;24.720211;0.626427;,
  -6.666776;19.798878;0.876537;,
  -8.330462;37.106726;-2.627084;,
  -8.336986;30.885270;-1.462158;,
  -6.653666;30.707190;-0.097376;,
  -6.573437;36.906390;-1.150756;,
  -5.085658;36.713485;1.232809;,
  -5.125121;30.556880;2.098730;,
  -4.216638;36.746426;4.010720;,
  -4.126370;30.569571;4.757646;,
  -5.124640;24.594378;2.621964;,
  -4.018319;24.552197;5.156630;,
  -5.083473;19.591488;2.900035;,
  -3.953535;19.434486;5.448857;,
  -5.200437;15.209163;2.968915;,
  -4.083328;14.853544;5.572191;,
  -5.666860;11.046380;3.021508;,
  -4.544276;10.356986;5.614537;,
  -7.211180;11.652365;0.838567;,
  -6.771793;15.584730;0.846563;,
  -8.375101;15.768629;-0.503748;,
  -10.309183;15.823786;-1.165942;,
  -8.676293;11.913891;-0.695803;,
  -6.382737;8.817335;3.752818;,
  -5.351907;7.955400;6.141467;,
  -7.782699;9.508382;1.670661;,
  20.920512;44.037472;1.773183;,
  21.360034;39.030128;-0.668736;,
  21.454885;32.666720;-2.569389;,
  20.850883;39.011104;-3.602777;,
  20.923694;38.868442;2.628395;,
  19.463864;43.911094;4.549594;,
  19.522000;38.608182;5.523028;,
  17.153528;43.765430;6.657282;,
  14.637605;48.426291;6.807058;,
  14.369597;43.561965;7.821528;,
  14.496898;38.038090;8.928777;,
  17.319597;38.307475;7.729783;,
  19.621488;31.995875;6.638549;,
  12.089424;48.225050;7.111549;,
  11.770944;43.348522;7.901570;,
  11.746178;37.818410;8.903834;,
  10.329979;48.042464;6.271656;,
  9.914475;43.172470;6.701618;,
  9.264627;48.090627;4.604071;,
  8.814418;42.938346;4.844824;,
  9.757032;37.671494;7.447746;,
  11.801966;31.123875;9.968547;,
  14.568976;31.293424;10.121407;,
  8.758158;50.411514;2.606409;,
  8.561010;49.223059;1.600553;,
  8.619553;46.838934;2.272281;,
  17.360222;31.574893;8.947795;,
  14.640352;24.545419;11.027631;,
  11.886536;24.446579;10.730376;,
  9.608961;31.024538;8.312728;,
  8.518146;37.438026;5.279679;,
  8.352396;42.566157;2.702166;,
  8.679894;42.356397;-0.025291;,
  8.036317;36.970534;3.059154;,
  8.144482;30.885334;5.887876;,
  9.494460;24.411285;8.939498;,
  9.616506;19.045186;9.136253;,
  12.123934;19.003770;10.937863;,
  9.993402;14.187418;9.060860;,
  12.476984;14.099982;10.796160;,
  10.886298;9.187499;9.067058;,
  8.076811;14.304878;6.509908;,
  7.755302;19.110467;6.522643;,
  7.791875;24.396818;6.330562;,
  8.997986;9.318140;6.715030;,
  7.921204;9.684069;3.963453;,
  7.191369;14.442774;3.645400;,
  6.976128;19.157589;3.604849;,
  7.142259;24.362816;3.461068;,
  7.586274;30.601750;3.351264;,
  7.373634;14.717781;0.778427;,
  7.247095;19.293941;0.673953;,
  7.487503;24.411757;0.511543;,
  7.979110;30.441008;0.439008;,
  8.429299;36.661914;0.274706;,
  8.701458;46.913158;-0.289624;,
  8.369820;49.744253;-0.550694;,
  7.857583;52.173142;0.030716;,
  8.955779;52.440765;3.324495;,
  9.756138;52.618829;4.855346;,
  -0.783484;152.214541;-16.899638;,
  0.161462;151.974080;-16.986416;,
  0.191269;156.268262;-13.141777;,
  1.098712;152.075430;-16.871349;,
  1.516850;156.107264;-13.242195;,
  1.846103;152.430054;-16.769493;,
  -1.410584;151.797517;-16.355002;,
  -2.233251;154.673843;-12.438022;,
  -1.129771;154.310669;-11.863878;,
  -1.904118;152.057805;-16.246733;,
  -2.971163;154.974822;-13.009504;,
  -2.302866;152.298854;-16.425254;,
  -3.101873;156.207667;-13.408570;,
  -2.273749;156.070643;-13.288262;,
  -1.539565;152.629491;-16.804638;,
  -1.190575;156.268544;-13.206770;,
  -1.539565;152.629491;-16.804638;,
  -2.302866;152.298854;-16.425254;,
  -2.166137;152.116390;-16.478173;,
  -0.667266;151.475520;-16.871454;,
  0.161310;151.564403;-16.912432;,
  0.161097;151.366106;-16.955598;,
  -0.680162;151.649139;-16.811202;,
  -1.375465;151.693683;-16.702040;,
  -1.380387;151.856038;-16.629594;,
  -1.849396;151.944474;-16.537829;,
  -1.864248;152.074022;-16.478046;,
  -2.192403;152.027891;-16.569478;,
  -1.435513;152.110784;-16.734950;,
  -0.696087;151.603853;-16.467510;,
  0.161525;151.536986;-16.535474;,
  -1.410584;151.797517;-16.355002;,
  -1.904118;152.057805;-16.246733;,
  -0.783484;152.214541;-16.899638;,
  -0.723885;151.711680;-16.840448;,
  0.161462;151.974080;-16.986416;,
  0.162258;151.543437;-16.948894;,
  1.044875;151.642598;-16.823754;,
  1.098712;152.075430;-16.871349;,
  1.750319;151.877696;-16.682557;,
  1.846103;152.430054;-16.769493;,
  2.515440;152.066662;-16.577459;,
  1.725887;151.801510;-16.808893;,
  2.500074;152.112512;-16.474182;,
  2.203017;152.070950;-16.474419;,
  2.171650;151.925939;-16.521574;,
  1.721698;151.825613;-16.664470;,
  1.733183;151.693414;-16.701696;,
  1.002418;151.648896;-16.811101;,
  0.989481;151.475302;-16.871365;,
  2.636492;152.294285;-16.420808;,
  2.241611;152.028032;-16.236926;,
  1.751188;151.780032;-16.373526;,
  1.017522;151.629760;-16.474429;,
  -0.522636;151.923738;-16.984405;,
  -1.915586;152.225203;-16.137627;,
  -1.916905;152.576858;-16.421928;,
  -0.529632;151.560512;-16.690238;,
  1.036497;151.701082;-16.536781;,
  1.039623;152.036864;-16.807549;,
  2.141480;151.972467;-16.467987;,
  2.148510;152.163942;-16.624253;,
  2.636492;152.294285;-16.420808;,
  3.437878;156.098099;-13.428144;,
  2.602671;155.948595;-13.309258;,
  3.293422;154.962522;-13.012462;,
  2.241611;152.028032;-16.236926;,
  2.554720;154.659917;-12.438817;,
  2.241611;152.028032;-16.236926;,
  1.751188;151.780032;-16.373526;,
  1.451042;154.327846;-11.867144;,
  1.017522;151.629760;-16.474429;,
  0.167379;154.267238;-11.673420;,
  0.161525;151.536986;-16.535474;,
  -0.696087;151.603853;-16.467510;,
  -1.380387;151.856038;-16.629594;,
  -1.864248;152.074022;-16.478046;,
  -1.904118;152.057805;-16.246733;,
  -2.166137;152.116390;-16.478173;,
  -0.680162;151.649139;-16.811202;,
  0.161525;151.536986;-16.535474;,
  0.161310;151.564403;-16.912432;,
  1.846103;152.430054;-16.769493;,
  2.602671;155.948595;-13.309258;,
  1.516850;156.107264;-13.242195;,
  2.636492;152.294285;-16.420808;,
  -0.696087;151.603853;-16.467510;,
  -1.410584;151.797517;-16.355002;,
  -1.129771;154.310669;-11.863878;,
  0.167379;154.267238;-11.673420;,
  0.191269;156.268262;-13.141777;,
  1.451042;154.327846;-11.867144;,
  2.554720;154.659917;-12.438817;,
  3.293422;154.962522;-13.012462;,
  3.437878;156.098099;-13.428144;,
  -1.190575;156.268544;-13.206770;,
  -2.233251;154.673843;-12.438022;,
  -2.273749;156.070643;-13.288262;,
  -2.971163;154.974822;-13.009504;,
  -3.101873;156.207667;-13.408570;,
  14.080101;6.673172;-1.855887;,
  13.908704;6.057409;-2.383008;,
  13.646229;5.767011;-0.485752;,
  13.585402;5.887189;0.621712;,
  14.516022;7.083615;-3.933864;,
  14.165886;6.273334;-4.482666;,
  13.805914;5.486024;-2.654629;,
  13.548490;5.353704;-0.271332;,
  13.115971;5.111772;3.106362;,
  13.627094;4.568748;-0.337903;,
  13.474770;4.052670;2.461047;,
  13.224853;4.051239;3.975406;,
  12.950230;4.464978;4.489554;,
  14.924058;7.482993;-6.006076;,
  13.631197;4.997429;-0.974571;,
  13.784158;3.823880;-0.184692;,
  13.898978;4.307707;-3.083458;,
  14.021803;2.920943;-0.273211;,
  13.774098;3.223775;2.947110;,
  13.279294;3.520987;4.409926;,
  12.784490;3.818200;5.872743;,
  16.427894;6.254163;-9.684197;,
  15.789944;6.078998;-9.746895;,
  15.718442;7.425599;-6.704382;,
  14.549650;6.197093;-7.029146;,
  13.974515;5.534288;-4.967397;,
  13.832053;4.935921;-3.072793;,
  13.919395;4.865726;-5.286523;,
  14.229813;5.402639;-7.597268;,
  14.097315;4.706158;-7.958050;,
  13.985718;4.110079;-5.491640;,
  14.047350;3.473396;-3.152819;,
  14.269510;2.618126;-3.493530;,
  14.158680;3.109697;-5.634344;,
  14.138902;3.903418;-8.177748;,
  14.341312;2.790282;-8.322618;,
  14.384960;1.986949;-5.745840;,
  14.500410;1.355757;-7.998148;,
  15.110779;1.389385;-11.978172;,
  14.610109;3.615314;-11.757079;,
  14.818419;2.572723;-11.911002;,
  15.442763;2.406078;-15.949437;,
  15.721150;1.423029;-15.958197;,
  16.711389;5.006188;-13.038494;,
  15.963325;4.770166;-13.850222;,
  15.191872;5.611082;-10.266873;,
  14.812626;5.021556;-10.937382;,
  15.215259;4.534145;-14.661950;,
  14.569899;4.376423;-11.429660;,
  15.189818;3.961644;-15.301312;,
  15.164374;3.389128;-15.940675;,
  17.201774;5.108916;-12.663775;,
  1.750319;151.877696;-16.682557;,
  1.098712;152.075430;-16.871349;,
  1.044875;151.642598;-16.823754;,
  2.404617;152.323187;-17.002371;,
  2.145274;152.722189;-18.055736;,
  2.623713;153.116262;-17.785763;,
  2.292444;153.660339;-18.950950;,
  1.638509;152.890048;-18.935410;,
  1.546204;152.402560;-18.327003;,
  1.928277;152.088243;-17.423461;,
  1.381129;151.849779;-17.778514;,
  1.767899;151.765440;-17.109011;,
  1.185220;151.553830;-17.421437;,
  1.031315;151.565491;-16.968226;,
  1.725887;151.801510;-16.808893;,
  0.162258;151.543437;-16.948894;,
  2.194661;151.961318;-16.802565;,
  2.515440;152.066662;-16.577459;,
  2.270040;151.882189;-16.250157;,
  2.171650;151.925939;-16.521574;,
  3.086174;152.538854;-16.242752;,
  3.224483;153.410778;-17.504200;,
  2.688628;154.059328;-18.800050;,
  2.083210;155.333197;-19.998917;,
  1.993336;153.670746;-19.673424;,
  1.815426;155.184627;-20.327949;,
  4.121602;153.405350;-16.027630;,
  3.960694;152.711027;-15.076837;,
  5.229972;154.432922;-15.345262;,
  6.210532;156.308595;-15.019706;,
  6.017063;155.899546;-13.601603;,
  3.262398;151.910861;-14.862072;,
  2.368012;151.721536;-15.506515;,
  4.392905;152.916032;-14.373906;,
  5.327532;154.559155;-13.393127;,
  5.309718;154.806029;-11.529494;,
  6.337510;156.751706;-12.714775;,
  6.873525;158.311590;-14.460925;,
  4.682138;153.358963;-13.350330;,
  4.302167;152.909683;-12.331968;,
  3.625266;151.560832;-13.530566;,
  2.599444;151.258061;-14.764587;,
  1.770995;151.260621;-15.318648;,
  1.710682;151.369229;-15.810422;,
  0.997974;151.011725;-15.832477;,
  2.181028;151.708314;-15.884882;,
  1.010222;150.894605;-15.315755;,
  1.886196;150.749491;-14.767662;,
  2.778270;150.692326;-13.905986;,
  0.161267;150.727219;-15.352714;,
  0.161300;150.830950;-15.864515;,
  0.161337;150.947878;-16.403648;,
  0.998465;151.120320;-16.371114;,
  1.733536;151.485581;-16.305478;,
  -0.675329;151.011584;-15.832995;,
  -0.675749;151.120282;-16.371485;,
  -1.410732;151.485645;-16.306064;,
  -1.375465;151.693683;-16.702040;,
  -0.667266;151.475520;-16.871454;,
  0.161097;151.366106;-16.955598;,
  0.161337;150.947878;-16.403648;,
  0.989481;151.475302;-16.871365;,
  1.733183;151.693414;-16.701696;,
  -1.759127;155.333683;-19.999069;,
  -1.967897;153.660890;-18.951110;,
