xof 0303txt 0032
template ColorRGBA {
 <35ff44e0-6c7c-11cf-8f52-0040333594a3>
 FLOAT red;
 FLOAT green;
 FLOAT blue;
 FLOAT alpha;
}

template ColorRGB {
 <d3e16e81-7835-11cf-8f52-0040333594a3>
 FLOAT red;
 FLOAT green;
 FLOAT blue;
}

template Material {
 <3d82ab4d-62da-11cf-ab39-0020af71e433>
 ColorRGBA faceColor;
 FLOAT power;
 ColorRGB specularColor;
 ColorRGB emissiveColor;
 [...]
}

template TextureFilename {
 <a42790e1-7810-11cf-8f52-0040333594a3>
 STRING filename;
}

template Frame {
 <3d82ab46-62da-11cf-ab39-0020af71e433>
 [...]
}

template Matrix4x4 {
 <f6f23f45-7686-11cf-8f52-0040333594a3>
 array FLOAT matrix[16];
}

template FrameTransformMatrix {
 <f6f23f41-7686-11cf-8f52-0040333594a3>
 Matrix4x4 frameMatrix;
}

template Vector {
 <3d82ab5e-62da-11cf-ab39-0020af71e433>
 FLOAT x;
 FLOAT y;
 FLOAT z;
}

template MeshFace {
 <3d82ab5f-62da-11cf-ab39-0020af71e433>
 DWORD nFaceVertexIndices;
 array DWORD faceVertexIndices[nFaceVertexIndices];
}

template Mesh {
 <3d82ab44-62da-11cf-ab39-0020af71e433>
 DWORD nVertices;
 array Vector vertices[nVertices];
 DWORD nFaces;
 array MeshFace faces[nFaces];
 [...]
}

template MeshNormals {
 <f6f23f43-7686-11cf-8f52-0040333594a3>
 DWORD nNormals;
 array Vector normals[nNormals];
 DWORD nFaceNormals;
 array MeshFace faceNormals[nFaceNormals];
}

template MeshMaterialList {
 <f6f23f42-7686-11cf-8f52-0040333594a3>
 DWORD nMaterials;
 DWORD nFaceIndexes;
 array DWORD faceIndexes[nFaceIndexes];
 [Material <3d82ab4d-62da-11cf-ab39-0020af71e433>]
}

template Coords2d {
 <f6f23f44-7686-11cf-8f52-0040333594a3>
 FLOAT u;
 FLOAT v;
}

template MeshTextureCoords {
 <f6f23f40-7686-11cf-8f52-0040333594a3>
 DWORD nTextureCoords;
 array Coords2d textureCoords[nTextureCoords];
}

template XSkinMeshHeader {
 <3cf169ce-ff7c-44ab-93c0-f78f62d172e2>
 WORD nMaxSkinWeightsPerVertex;
 WORD nMaxSkinWeightsPerFace;
 WORD nBones;
}

template SkinWeights {
 <6f0d123b-bad2-4167-a0d0-80224f25fabb>
 STRING transformNodeName;
 DWORD nWeights;
 array DWORD vertexIndices[nWeights];
 array FLOAT weights[nWeights];
 Matrix4x4 matrixOffset;
}

template AnimTicksPerSecond {
 <9e415a43-7ba6-4a73-8743-b73d47e88476>
 DWORD AnimTicksPerSecond;
}

template Animation {
 <3d82ab4f-62da-11cf-ab39-0020af71e433>
 [...]
}

template AnimationSet {
 <3d82ab50-62da-11cf-ab39-0020af71e433>
 [Animation <3d82ab4f-62da-11cf-ab39-0020af71e433>]
}

template FloatKeys {
 <10dd46a9-775b-11cf-8f52-0040333594a3>
 DWORD nValues;
 array FLOAT values[nValues];
}

template TimedFloatKeys {
 <f406b180-7b3b-11cf-8f52-0040333594a3>
 DWORD time;
 FloatKeys tfkeys;
}

template AnimationKey {
 <10dd46a8-775b-11cf-8f52-0040333594a3>
 DWORD keyType;
 DWORD nKeys;
 array TimedFloatKeys keys[nKeys];
}


Material Goat_Mat_01 {
 1.000000;1.000000;1.000000;1.000000;;
 10.000000;
 0.000000;0.000000;0.000000;;
 0.000000;0.000000;0.000000;;

 TextureFilename {
  "Goat_Dif_01.tga";
 }
}

Frame Root {
 

 FrameTransformMatrix {
  -0.000066,0.000000,1.000000,0.000000,0.000000,1.000000,0.000000,0.000000,-1.000000,0.000000,-0.000066,0.000000,0.000000,45.000000,0.000000,1.000000;;
 }

 Frame pelvis {
  

  FrameTransformMatrix {
   0.998114,-0.000888,-0.061389,0.000000,0.005452,0.997227,0.074220,0.000000,0.061153,-0.074415,0.995351,0.000000,-22.228450,5.416164,-0.000000,1.000000;;
  }

  Frame Spine_01 {
   

   FrameTransformMatrix {
    0.987700,0.132492,0.083037,0.000000,-0.130355,0.990993,-0.030669,0.000000,-0.086353,0.019467,0.996074,0.000000,18.909938,0.000004,0.000000,1.000000;;
   }

   Frame Spine_02 {
    

    FrameTransformMatrix {
     0.997926,-0.063888,-0.007932,0.000000,0.063457,0.996919,-0.046102,0.000000,0.010853,0.045503,0.998905,0.000000,28.349539,0.000000,0.000000,1.000000;;
    }

    Frame Neck {
     

     FrameTransformMatrix {
      0.844599,0.535349,-0.007361,0.000000,-0.535363,0.844622,0.000039,0.000000,0.006238,0.003908,0.999973,0.000000,9.015327,10.175862,-0.000000,1.000000;;
     }

     Frame Head {
      

      FrameTransformMatrix {
       0.751177,-0.659713,-0.022633,0.000000,0.660036,0.750179,0.039790,0.000000,-0.009272,-0.044828,0.998952,0.000000,22.295669,-0.000008,-0.000000,1.000000;;
      }

      Frame Jaw_01 {
       

       FrameTransformMatrix {
        0.863577,-0.503082,0.033818,0.000000,0.497486,0.861052,0.105344,0.000000,-0.082116,-0.074149,0.993861,0.000000,6.407268,-4.295067,-0.396112,1.000000;;
       }

       Frame Jaw_02 {
        

        FrameTransformMatrix {
         0.988228,-0.082409,-0.128896,0.000000,0.090935,0.993943,0.061711,0.000000,0.123030,-0.072706,0.989736,0.000000,10.926212,0.000015,0.000000,1.000000;;
        }
       }
      }

      Frame Tongue_01 {
       

       FrameTransformMatrix {
        0.913999,-0.365029,0.177087,0.000000,0.383891,0.919332,-0.086358,0.000000,-0.131278,0.146913,0.980399,0.000000,14.908306,-7.506515,-0.259753,1.000000;;
       }

       Frame Tongue_02 {
        

        FrameTransformMatrix {
         0.859042,-0.413075,0.302351,0.000000,0.240680,0.847200,0.473630,0.000000,-0.451796,-0.334098,0.827200,0.000000,4.128157,0.000000,-0.000001,1.000000;;
        }

        Frame Tongue_03 {
         

         FrameTransformMatrix {
          0.759082,-0.642800,0.102971,0.000000,0.650991,0.750100,-0.116454,0.000000,-0.002382,0.155431,0.987844,0.000000,4.131340,0.000008,0.000000,1.000000;;
         }

         Frame Tongue_04 {
          

          FrameTransformMatrix {
           0.982694,0.145811,0.114244,0.000000,-0.146745,0.989174,-0.000241,0.000000,-0.113043,-0.016528,0.993453,0.000000,4.427982,-0.000008,0.000002,1.000000;;
          }
         }
        }
       }
      }

      Frame Ear_01_R {
       

       FrameTransformMatrix {
        0.778552,-0.049548,-0.625621,0.000000,0.278488,0.920630,0.273652,0.000000,0.562407,-0.387280,0.730557,0.000000,4.937820,6.678993,-6.528194,1.000000;;
       }

       Frame Ear_02_R {
        

        FrameTransformMatrix {
         0.714477,-0.693784,0.090479,0.000000,0.686422,0.720110,0.101323,0.000000,-0.135451,-0.010286,0.990731,0.000000,0.000000,0.000008,-3.866003,1.000000;;
        }
       }
      }

      Frame Ear_01_L {
       

       FrameTransformMatrix {
        0.969907,-0.239566,0.043458,0.000000,0.243471,0.955458,-0.166801,0.000000,-0.001562,0.172363,0.985033,0.000000,4.937820,6.385078,5.865082,1.000000;;
       }

       Frame Ear_02_L {
        

        FrameTransformMatrix {
         0.784278,-0.612015,0.101715,0.000000,0.618374,0.757856,-0.208010,0.000000,0.050220,0.226036,0.972824,0.000000,-0.000004,0.000000,5.033615,1.000000;;
        }
       }
      }
     }
    }

    Frame Front_Thigh_L {
     

     FrameTransformMatrix {
      0.999547,0.030094,0.000067,0.000000,0.030066,-0.998536,-0.044974,0.000000,-0.001287,0.044956,-0.998988,0.000000,-0.415966,-13.590115,8.335794,1.000000;;
     }

     Frame Front_Calf_L {
      

      FrameTransformMatrix {
       0.923828,0.382735,0.007526,0.000000,-0.382674,0.923845,-0.008467,0.000000,-0.010193,0.004942,0.999936,0.000000,0.000004,12.666580,-0.000000,1.000000;;
      }

      Frame Front_Foot_L {
       

       FrameTransformMatrix {
        0.771817,-0.635421,0.023206,0.000000,0.635801,0.770821,-0.039906,0.000000,0.007469,0.045554,0.998934,0.000000,0.000000,15.710507,0.000000,1.000000;;
       }

       Frame Front_Toe_L {
        

        FrameTransformMatrix {
         1.000000,0.000000,0.000000,0.000000,0.000000,1.000000,-0.000000,0.000000,-0.000000,0.000000,1.000000,0.000000,0.000000,5.248310,-0.000000,1.000000;;
        }
       }
      }
     }
    }

    Frame Front_Thigh_R {
     

     FrameTransformMatrix {
      0.972957,0.230988,-0.000046,0.000000,0.230686,-0.971675,0.051294,0.000000,0.011803,-0.049917,-0.998684,0.000000,-2.354258,-13.649291,-8.336907,1.000000;;
     }

     Frame Front_Calf_R {
      

      FrameTransformMatrix {
       0.941241,0.272760,0.199170,0.000000,-0.266086,0.962076,-0.060069,0.000000,-0.208001,0.003543,0.978122,0.000000,0.000000,12.512598,0.000000,1.000000;;
      }

      Frame Front_Foot_R {
       

       FrameTransformMatrix {
        0.973271,-0.229407,-0.010823,0.000000,0.229272,0.967799,0.103920,0.000000,-0.013366,-0.103624,0.994527,0.000000,0.000006,14.693987,-0.000002,1.000000;;
       }

       Frame Front_Toe_R {
        

        FrameTransformMatrix {
         1.000000,0.000000,0.000000,0.000000,0.000000,1.000000,0.000000,0.000000,0.000000,0.000000,1.000000,0.000000,-0.000004,6.188763,0.000000,1.000000;;
        }
       }
      }
     }
    }
   }
  }

  Frame Back_Thigh_R {
   

   FrameTransformMatrix {
    0.971906,0.223068,-0.075090,0.000000,0.216209,-0.972218,-0.089704,0.000000,-0.093014,0.070949,-0.993134,0.000000,-5.180357,0.552761,-8.657049,1.000000;;
   }

   Frame Back_Calf_R {
    

    FrameTransformMatrix {
     0.697705,0.716367,-0.005110,0.000000,-0.713213,0.693928,-0.098951,0.000000,-0.067339,0.072684,0.995079,0.000000,-0.000001,14.848419,-0.000002,1.000000;;
    }

    Frame Back_Foot_R {
     

     FrameTransformMatrix {
      0.860815,-0.508895,-0.004892,0.000000,0.507832,0.859564,-0.057062,0.000000,0.033244,0.046635,0.998359,0.000000,-0.000008,14.403078,0.000015,1.000000;;
     }

     Frame Back_Toe_R {
      

      FrameTransformMatrix {
       0.953728,-0.300669,0.000000,0.000000,0.300669,0.953729,-0.000000,0.000000,0.000000,-0.000000,1.000000,0.000000,0.000000,16.065554,0.000000,1.000000;;
      }
     }
    }
   }
  }

  Frame Back_Thigh_L {
   

   FrameTransformMatrix {
    0.774328,0.627994,-0.077718,0.000000,0.630858,-0.756547,0.172207,0.000000,0.049347,-0.182374,-0.981990,0.000000,-6.599367,-0.220913,7.427390,1.000000;;
   }

   Frame Back_Calf_L {
    

    FrameTransformMatrix {
     0.471516,0.880388,-0.050889,0.000000,-0.859683,0.471753,0.195945,0.000000,0.196515,-0.048642,0.979294,0.000000,0.000002,14.025165,-0.000001,1.000000;;
    }

    Frame Back_Foot_L {
     

     FrameTransformMatrix {
      0.955227,-0.294705,-0.026267,0.000000,0.293044,0.954605,-0.053431,0.000000,0.040821,0.043341,0.998226,0.000000,0.000004,15.796134,0.000001,1.000000;;
     }

     Frame Back_Toe_L {
      

      FrameTransformMatrix {
       0.991517,-0.129977,0.000000,0.000000,0.129976,0.991517,0.000000,0.000000,-0.000000,0.000000,1.000000,0.000000,0.000004,15.297440,-0.000003,1.000000;;
      }
     }
    }
   }
  }

  Frame Tail_01 {
   

   FrameTransformMatrix {
    -0.548784,-0.834710,0.045790,0.000000,-0.746634,0.514042,0.422254,0.000000,-0.375998,0.197538,-0.905320,0.000000,-15.674496,6.040657,-1.032413,1.000000;;
   }

   Frame Tail_02 {
    

    FrameTransformMatrix {
     0.885372,-0.165286,-0.434509,0.000000,0.344859,0.860300,0.375443,0.000000,0.311752,-0.482251,0.818685,0.000000,4.099024,0.000000,0.000002,1.000000;;
    }
   }
  }
 }
}

Frame goat {
 

 FrameTransformMatrix {
  1.000000,0.000000,0.000000,0.000000,0.000000,1.000000,0.000000,0.000000,0.000000,0.000000,1.000000,0.000000,0.000000,0.000000,0.000000,1.000000;;
 }

 Mesh goat {
  5888;
  6.462496;95.772576;45.945392;,
  6.549530;95.723885;45.962490;,
  6.507970;95.821248;45.954362;,
  6.706669;95.705293;45.779357;,
  6.548168;95.813766;45.801933;,
  6.722756;95.652474;45.972493;,
  6.508589;95.587981;46.650563;,
  6.461270;95.232416;48.591693;,
  6.353557;95.586304;47.862486;,
  6.412970;96.020563;46.630688;,
  6.438029;95.843546;46.215955;,
  6.583428;95.931302;45.840838;,
  6.548168;95.813766;45.801933;,
  6.549530;95.723885;45.962490;,
  6.474385;95.725069;46.230678;,
  6.219917;95.690278;48.685920;,
  6.324454;96.031552;47.909824;,
  6.515440;96.141146;46.637098;,
  6.787118;95.949933;45.936358;,
  6.731069;95.911392;45.796134;,
  6.578590;95.823706;45.644950;,
  6.807537;96.186310;46.620762;,
  6.671505;96.292147;47.210621;,
  7.414254;95.924275;48.716371;,
  7.545036;95.468192;50.827933;,
  7.566610;95.435354;49.628506;,
  7.323054;95.755552;47.852160;,
  7.160742;96.005997;47.172221;,
  6.815864;95.615603;46.226573;,
  6.787118;95.949933;45.936358;,
  7.171411;96.218349;47.899510;,
  6.693134;96.333299;48.798061;,
  7.202219;95.161088;48.579616;,
  7.004938;95.494586;47.143840;,
  6.897022;95.270522;47.805034;,
  6.982659;94.771533;49.429226;,
  7.299205;94.520928;50.445395;,
  6.889848;93.943885;51.325110;,
  7.240589;94.051866;51.446480;,
  6.704544;93.355731;52.238128;,
  6.807232;92.761901;53.319821;,
  6.079571;91.909421;53.862957;,
  6.474385;95.725069;46.230678;,
  6.625950;95.642323;46.043027;,
  6.508589;95.587981;46.650563;,
  6.461270;95.232416;48.591693;,
  6.312722;94.613709;50.378192;,
  6.173377;94.186464;51.306490;,
  5.923210;93.637728;52.174598;,
  5.996328;92.753389;52.969632;,
  5.175233;92.248109;53.698202;,
  5.196740;91.199802;54.362330;,
  4.230436;90.618605;54.875085;,
  3.710094;87.767789;56.351821;,
  3.373612;88.910541;55.790278;,
  2.869139;87.456800;56.348026;,
  3.601735;86.991456;56.552358;,
  4.255459;87.613114;56.694259;,
  4.179878;86.774214;56.919251;,
  5.249099;90.231258;55.123661;,
  3.710094;87.767789;56.351821;,
  6.076118;91.155520;54.863462;,
  4.887074;88.556806;56.611725;,
  4.633640;87.619136;57.089414;,
  5.067135;88.753274;57.087450;,
  4.763069;87.969805;58.011859;,
  5.070547;89.041318;57.569658;,
  4.585969;88.368838;58.505293;,
  5.230647;90.348730;57.393267;,
  4.534631;86.661811;57.365587;,
  4.678618;86.668973;57.802758;,
  4.674702;86.701645;58.402310;,
  4.394308;87.354413;58.985357;,
  3.926691;87.763974;59.336115;,
  4.830907;90.719430;57.634528;,
  3.334374;88.031827;59.452461;,
  6.150102;92.125792;56.003194;,
  5.784296;92.498016;56.186842;,
  6.585726;92.982170;55.149837;,
  6.645868;94.092038;54.300102;,
  7.241174;94.440064;53.097789;,
  7.208015;95.340525;52.086288;,
  7.572115;94.662208;51.813933;,
  6.976771;95.943590;50.950493;,
  7.313248;96.027008;49.787338;,
  6.425904;95.578189;52.045091;,
  6.575852;94.964032;53.227562;,
  6.371259;96.056909;49.759997;,
  5.781550;94.413619;54.186458;,
  5.803952;93.595085;55.312544;,
  5.772241;94.929779;52.948326;,
  5.856564;95.158189;51.717309;,
  5.124494;94.065491;53.633632;,
  4.896417;93.624864;54.852486;,
  4.783821;92.911456;56.002246;,
  4.781470;91.914170;56.960832;,
  3.782024;92.029510;56.384211;,
  3.721178;91.175322;57.474374;,
  3.884192;90.059693;58.332800;,
  5.784296;92.498016;56.186842;,
  2.938576;89.217741;58.769824;,
  2.747994;90.244166;57.718950;,
  2.953681;90.961050;56.518483;,
  4.100678;92.614810;55.224640;,
  3.519293;91.444589;55.415552;,
  4.615095;93.013299;54.120653;,
  4.309406;91.836410;54.490234;,
  2.684824;88.189498;59.292736;,
  2.098459;88.261037;58.866739;,
  2.020079;89.162394;57.633190;,
  2.475975;89.737306;56.441997;,
  3.278808;90.167021;55.542054;,
  2.162406;87.837670;56.538195;,
  3.373612;88.910541;55.790278;,
  2.869139;87.456800;56.348026;,
  4.230436;90.618605;54.875085;,
  5.175233;92.248109;53.698202;,
  1.532891;88.014208;57.280845;,
  1.682467;88.252934;58.191373;,
  4.806988;92.609018;53.841235;,
  5.634385;93.949408;52.280608;,
  5.923210;93.637728;52.174598;,
  6.173377;94.186464;51.306490;,
  6.002369;95.205382;50.563520;,
  6.312722;94.613709;50.378192;,
  6.461270;95.232416;48.591693;,
  5.490654;94.315245;52.464915;,
  -14.522072;86.033709;57.882227;,
  -15.371749;86.202669;57.838880;,
  -15.073912;85.916173;57.771859;,
  -15.362046;85.499366;57.164096;,
  -15.585574;86.219878;57.489331;,
  -15.105406;85.420243;56.667232;,
  -15.448821;86.440736;57.748115;,
  -15.015600;86.418246;57.817491;,
  -14.466966;86.273517;57.800090;,
  -13.876283;86.101318;57.764051;,
  -13.345207;85.624032;57.693446;,
  -13.269579;85.915546;57.649184;,
  -12.660062;85.450330;57.516109;,
  -11.812302;85.311693;57.485677;,
  -13.071058;84.266694;56.552192;,
  -13.786499;84.714803;56.677530;,
  -12.568064;85.752045;57.509843;,
  -10.721563;85.594419;57.354579;,
  -9.721016;85.250989;57.569869;,
  -9.607857;85.526611;57.281408;,
  -11.242886;82.549920;57.120122;,
  -11.249241;82.837082;57.350982;,
  -12.503242;82.747840;56.713325;,
  -9.999008;82.590989;57.377920;,
  -10.034679;82.820960;57.742042;,
  -11.081038;83.631072;57.050643;,
  -9.965714;83.623488;57.374733;,
  -10.909422;84.866880;57.466522;,
  -12.048767;84.239123;56.883386;,
  -7.650938;84.999808;57.565587;,
  -7.582965;85.009421;57.182573;,
  -8.534978;85.300954;57.199987;,
  -8.638351;85.147827;57.566400;,
  -8.760910;84.804032;57.721952;,
  -8.922646;83.268870;57.829248;,
  -8.881846;82.891962;57.640282;,
  -7.974057;82.832787;56.358355;,
  -7.919653;82.601440;57.048666;,
  -8.882904;82.697984;57.304742;,
  -7.875049;82.772186;57.428621;,
  -7.817649;83.523603;57.860672;,
  -7.784342;84.398074;57.952442;,
  -7.739495;84.760499;57.851808;,
  -6.976452;82.779258;57.590048;,
  -6.901004;83.862464;58.019789;,
  -6.894749;84.366406;58.025549;,
  -6.885616;84.741728;57.873395;,
  -6.807521;84.952704;57.582848;,
  -6.693936;85.010112;57.218208;,
  -6.836994;83.832704;55.467354;,
  -7.806275;83.936307;55.731616;,
  -7.645065;84.363219;55.835424;,
  -6.996245;83.334771;55.511334;,
  -7.904353;83.505562;55.856173;,
  -7.154318;82.539674;55.945901;,
  -7.129563;82.344531;56.347174;,
  -7.023260;82.419072;57.231776;,
  -8.953759;82.928698;56.596416;,
  -8.882904;82.697984;57.304742;,
  -8.933048;83.617318;56.007930;,
  -8.859709;84.057606;55.831853;,
  -9.821015;84.652986;55.969254;,
  -8.608994;84.926656;56.079398;,
  -10.685076;85.478502;56.590931;,
  -9.600586;85.399302;56.468160;,
  -9.919522;84.164499;55.951021;,
  -10.847544;84.774534;56.066138;,
  -11.714464;85.310778;56.416806;,
  -12.508488;85.745242;56.869146;,
  -12.634484;85.248038;56.352742;,
  -13.258439;85.809837;56.815955;,
  -13.692483;85.069658;56.199130;,
  -14.069371;85.663411;56.563475;,
  -11.882262;84.542029;56.046221;,
  -10.929995;84.293050;56.003136;,
  -9.981566;83.706118;56.115405;,
  -11.071341;83.387072;56.270029;,
  -12.123327;83.695859;56.072947;,
  -12.919182;84.574784;56.045107;,
  -14.407189;84.260838;56.109018;,
  -14.751400;85.038470;56.328461;,
  -14.961155;84.824141;56.441434;,
  -13.610746;83.345158;56.407130;,
  -14.488590;84.031232;56.438605;,
  -13.500925;83.569402;56.071693;,
  -12.378848;82.977523;56.368339;,
  -11.176297;82.714765;56.770227;,
  -10.007510;82.944787;56.682835;,
  -12.503242;82.747840;56.713325;,
  -11.242886;82.549920;57.120122;,
  -6.713157;13.328278;-28.398368;,
  -7.447408;14.556517;-28.128966;,
  -6.725098;14.636891;-28.162442;,
  -7.153844;15.865907;-28.132285;,
  -6.679432;17.155258;-28.137363;,
  -6.320655;14.709234;-27.815331;,
  -5.731643;12.238239;-27.902374;,
  -6.345283;15.967176;-27.760150;,
  -6.440775;18.439435;-28.042634;,
  -6.645014;19.679957;-28.251210;,
  -6.364778;20.978811;-28.137994;,
  -6.903282;20.907288;-28.313085;,
  -6.553069;22.204930;-28.504262;,
  -7.266534;22.160069;-28.498474;,
  -6.016776;14.776005;-27.186080;,
  -5.402124;12.324051;-27.000678;,
  -5.431356;10.978872;-27.553718;,
  -5.642120;10.914159;-28.000614;,
  -6.049292;22.301435;-27.929414;,
  -5.910703;21.154146;-26.932637;,
  -6.133328;18.517691;-27.482157;,
  -6.069828;16.040547;-27.127395;,
  -5.851012;14.823976;-26.276128;,
  -5.623044;13.587838;-26.379174;,
  -5.407812;12.353763;-26.463616;,
  -5.579446;22.469664;-25.418758;,
  -5.748348;22.421053;-26.890042;,
  -5.369686;23.633294;-25.160762;,
  -5.686123;21.224104;-25.669317;,
  -5.755016;19.927837;-25.888821;,
  -5.813694;18.630008;-26.051546;,
  -5.893633;16.085250;-26.203509;,
  -4.907952;28.252250;-24.375128;,
  -5.044429;27.101395;-25.542656;,
  -5.231789;28.483786;-26.191939;,
  -5.099046;25.827048;-24.665200;,
  -5.310465;26.007784;-26.563371;,
  -5.178426;24.746294;-24.915005;,
  -5.304059;24.834198;-26.793690;,
  -5.610557;23.597498;-27.538275;,
  -6.043683;23.550678;-28.514822;,
  -5.707514;24.900749;-28.023261;,
  -5.791489;26.166307;-27.793549;,
  -6.352668;24.948403;-28.734470;,
  -6.843259;23.522778;-28.936275;,
  -6.795847;24.946910;-28.861085;,
  -5.453488;27.381110;-27.102890;,
  -6.035226;27.543763;-28.072429;,
  -6.458418;26.256485;-28.505824;,
  -6.910707;26.251291;-28.599309;,
  -7.820655;26.127717;-28.268048;,
  -7.380745;27.477146;-28.292451;,
  -8.744555;29.400467;-27.045917;,
  -6.900833;27.550330;-28.408384;,
  -6.553515;28.768870;-28.071930;,
  -6.148078;30.941165;-26.914262;,
  -9.278273;32.499050;-26.551435;,
  -9.848873;32.440304;-25.968462;,
  -10.249164;33.448848;-25.966800;,
  -9.486112;30.318733;-26.298443;,
  -8.842022;30.473008;-26.797766;,
  -7.638513;29.678941;-27.586854;,
  -7.336829;30.824874;-27.421203;,
  -6.925201;30.884285;-27.369443;,
  -10.402257;32.368675;-25.130909;,
  -10.758599;33.448845;-25.074120;,
  -7.335018;32.777898;-27.313184;,
  -7.799798;32.689795;-27.383670;,
  -11.626761;34.636250;-24.064890;,
  -11.272978;34.518752;-25.207869;,
  -11.236616;33.461776;-24.018051;,
  -10.915586;32.290771;-24.130810;,
  -10.665634;29.968189;-24.692938;,
  -10.427433;27.563574;-25.408880;,
  -9.249460;28.078886;-26.863341;,
  -10.647450;26.152174;-24.684280;,
  -11.148363;30.974438;-23.315650;,
  -11.671982;33.471053;-22.886238;,
  -11.947926;34.747123;-22.859160;,
  -12.126838;36.031395;-22.909382;,
  -12.144327;37.064576;-24.351222;,
  -12.347754;37.292160;-23.034874;,
  -12.122135;36.086282;-21.595552;,
  -12.051662;37.205949;-20.295186;,
  -12.576563;38.751030;-22.041275;,
  -11.944822;47.129306;-17.374624;,
  -12.601481;46.340266;-20.290438;,
  -12.069417;45.932189;-16.761710;,
  -12.675605;43.736250;-18.824419;,
  -12.779734;42.846992;-20.625686;,
  -12.293750;40.296118;-18.629402;,
  -11.845872;37.803069;-18.648957;,
  -11.300562;36.123565;-17.802768;,
  -12.022640;34.770282;-21.593054;,
  -12.230135;43.331043;-16.310579;,
  -12.096509;41.895360;-16.333998;,
  -11.189937;35.010109;-18.155213;,
  -11.944914;33.425542;-21.690520;,
  -11.708545;46.149190;-15.839013;,
  -11.657173;44.971229;-15.260730;,
  -11.452795;43.820931;-14.687750;,
  -11.599626;41.048819;-15.544507;,
  -11.387243;37.976669;-16.916554;,
  -10.856461;35.753904;-17.053776;,
  -11.229919;45.139469;-14.410578;,
  -10.753054;37.592227;-16.162189;,
  -10.532374;38.922230;-15.257790;,
  -10.803146;33.501475;-17.875211;,
  -10.406616;35.536710;-16.656856;,
  -10.120327;37.369581;-15.829416;,
  -9.678947;38.691190;-15.152078;,
  -8.725511;39.453210;-14.728872;,
  -9.724682;40.103869;-14.327560;,
  -10.925254;40.357011;-14.905117;,
  -6.754126;38.862778;-16.439125;,
  -6.318489;38.421914;-16.327232;,
  -7.658711;38.732669;-15.451435;,
  -7.973114;38.884230;-15.484731;,
  -8.264535;38.751946;-15.582064;,
  -9.096537;37.967728;-15.739840;,
  -9.853169;35.474605;-16.633390;,
  -10.381094;33.315338;-17.481619;,
  -9.341303;34.540214;-17.328067;,
  -8.507646;35.801117;-17.554301;,
  -6.590684;38.590166;-17.472096;,
  -5.850054;38.444298;-17.522899;,
  -7.275885;38.707283;-16.596062;,
  -8.568373;37.273472;-16.631157;,
  -7.169484;37.459232;-18.271690;,
  -7.019141;36.189424;-19.209784;,
  -7.110642;38.352470;-17.417787;,
  -6.389410;38.260054;-18.368685;,
  -6.040583;37.902243;-19.371773;,
  -5.811261;37.564320;-20.393606;,
  -5.099189;38.371408;-19.477917;,
  -5.317345;38.314765;-18.419536;,
  -4.779158;37.871600;-18.544606;,
  -5.450286;38.027366;-17.496979;,
  -5.375512;36.583603;-22.543907;,
  -5.183849;37.680416;-22.919334;,
  -5.581411;37.145379;-21.430110;,
  -5.104900;38.117430;-21.876171;,
  -4.975296;38.342998;-20.688470;,
  -4.595806;38.379510;-19.391582;,
  -4.092870;38.191072;-19.230291;,
  -5.317345;38.314765;-18.419536;,
  -4.362708;38.421085;-20.726389;,
  -4.486555;38.339085;-22.050554;,
  -4.647281;37.880189;-24.476861;,
  -5.064741;37.603050;-24.207176;,
  -3.774396;38.373344;-20.643786;,
  -3.034913;38.278557;-22.151440;,
  -3.382006;38.161773;-23.570914;,
  -2.563482;38.108787;-23.678402;,
  -4.027246;37.968576;-24.728942;,
  -3.252311;37.915578;-24.954376;,
  -5.258522;37.150454;-23.986587;,
  -5.322286;35.688915;-23.697117;,
  -5.432871;33.457232;-22.583376;,
  -5.236894;33.418678;-23.667541;,
  -5.195010;32.154038;-23.752005;,
  -5.091429;29.569075;-23.101150;,
  -4.907952;28.252250;-24.375128;,
  -5.162440;27.094950;-22.402454;,
  -5.584762;30.902950;-21.838616;,
  -5.940922;34.624611;-21.395904;,
  -5.875075;35.694278;-21.301371;,
  -6.112290;37.022803;-20.277234;,
  -7.274274;35.329728;-19.233398;,
  -6.496426;33.339178;-20.449901;,
  -5.508737;27.141667;-21.513637;,
  -5.186104;25.828210;-21.646550;,
  -5.104365;25.830643;-22.534885;,
  -5.356418;24.321086;-21.363917;,
  -5.843901;24.186939;-20.905693;,
  -5.835078;22.998134;-21.720035;,
  -5.976704;25.552973;-20.425091;,
  -6.460004;26.876144;-20.273554;,
  -8.040398;32.861264;-18.950246;,
  -7.114912;22.867038;-21.164760;,
  -6.468826;21.822902;-22.058374;,
  -6.498958;24.084805;-20.594906;,
  -6.624807;25.364275;-20.083274;,
  -7.061390;26.660680;-19.911675;,
  -7.751666;29.031408;-19.339298;,
  -9.225466;32.324000;-18.089749;,
  -7.411147;25.227542;-19.967005;,
  -8.429992;26.362754;-19.804610;,
  -8.988599;25.078120;-20.126907;,
  -9.300252;27.525562;-19.639469;,
  -9.708182;26.366232;-20.247318;,
  -9.735219;25.115517;-20.410523;,
  -8.408195;28.840006;-19.158870;,
  -9.739689;32.169078;-17.873658;,
  -9.755075;29.831245;-18.860635;,
  -9.987724;28.762771;-19.607909;,
  -10.303622;27.698784;-20.449379;,
  -10.383474;25.239464;-20.893498;,
  -10.382670;31.092694;-18.785229;,
  -10.867418;29.067552;-20.738434;,
  -10.728386;25.457310;-21.662848;,
  -11.582652;31.881760;-20.856045;,
  -11.042118;28.085642;-21.966998;,
  -10.865656;24.495022;-22.891370;,
  -10.719958;24.243350;-22.007635;,
  -10.345138;23.108421;-22.759098;,
  -9.960182;22.908053;-22.088408;,
  -10.926340;27.114947;-23.325371;,
  -10.773628;24.761878;-23.874714;,
  -10.434557;25.032746;-24.909138;,
  -10.150086;26.405939;-25.677757;,
  -7.317759;23.510707;-28.830950;,
  -7.700642;24.854710;-28.473219;,
  -8.798546;25.808301;-27.324970;,
  -8.590055;24.644819;-27.550298;,
  -8.464300;23.417690;-27.651805;,
  -7.923080;22.159901;-27.922598;,
  -9.302610;21.801963;-25.890146;,
  -8.599675;20.773059;-26.584171;,
  -9.254936;20.369686;-25.469301;,
  -8.984282;19.165760;-25.671059;,
  -7.184446;20.892474;-28.213293;,
  -7.160496;19.637731;-28.152154;,
  -8.578751;18.073475;-26.265115;,
  -8.805434;15.433314;-25.821710;,
  -7.372295;17.092810;-27.972928;,
  -7.605255;15.798765;-27.794458;,
  -6.909667;18.388206;-28.226474;,
  -7.717135;14.527565;-27.932557;,
  -8.411714;14.339859;-26.777166;,
  -6.370936;10.700810;-28.526266;,
  -7.516931;11.920689;-28.603251;,
  -8.270558;11.923420;-28.318909;,
  -8.314608;13.233025;-27.840954;,
  -8.764099;13.081673;-26.941331;,
  -8.623363;11.921994;-28.031082;,
  -9.063616;11.774266;-27.070048;,
  -8.944398;14.084570;-25.332685;,
  -9.000599;12.911549;-25.887490;,
  -9.176916;11.639469;-25.934202;,
  -8.996743;12.787319;-24.863155;,
  -9.041030;11.638730;-24.876318;,
  -8.958399;13.996029;-24.832674;,
  -8.966334;17.636725;-24.637563;,
  -9.142232;18.966808;-25.085442;,
  -9.383346;20.127941;-24.818558;,
  -8.853543;18.662221;-23.989304;,
  -8.748242;17.528534;-24.150986;,
  -8.725543;13.924246;-24.420227;,
  -8.751840;12.747032;-24.459678;,
  -8.134954;19.608646;-22.953206;,
  -9.039166;19.757979;-23.652763;,
  -9.614706;20.988872;-23.769269;,
  -8.000576;17.360421;-23.480858;,
  -8.036451;18.497896;-23.299067;,
  -7.082765;20.718541;-22.457622;,
  -8.291222;20.684883;-22.471562;,
  -8.842764;20.717480;-22.748371;,
  -9.649681;21.829506;-22.609504;,
  -9.116695;21.737674;-22.144755;,
  -8.480642;21.719957;-21.864523;,
  -7.104344;21.787514;-21.852301;,
  -6.525996;20.747875;-22.644448;,
  -9.645773;23.926222;-20.819264;,
  -8.641742;22.807742;-21.323123;,
  -7.262236;24.012534;-20.441707;,
  -14.988027;86.511878;57.311987;,
  -15.381797;86.416499;57.333267;,
  -15.334048;86.542771;57.550189;,
  -15.015600;86.418246;57.817491;,
  -14.466966;86.273517;57.800090;,
  -7.474796;84.702643;56.074362;,
  -8.510991;85.205798;56.391072;,
  -9.566452;85.551354;56.862669;,
  -11.662098;85.716858;57.058976;,
  -13.213019;86.033466;57.395494;,
  -13.837822;86.204864;57.263315;,
  -13.876283;86.101318;57.764051;,
  -13.269579;85.915546;57.649184;,
  -12.568064;85.752045;57.509843;,
  -10.721563;85.594419;57.354579;,
  -9.607857;85.526611;57.281408;,
  -8.534978;85.300954;57.199987;,
  -7.582965;85.009421;57.182573;,
  -7.475435;84.892646;56.418790;,
  -6.693936;85.010112;57.218208;,
  -6.367751;84.907546;56.459718;,
  -6.047501;84.824570;55.952410;,
  -6.567806;84.329184;55.607680;,
  -6.033534;83.724602;54.985677;,
  -6.247165;83.120486;55.009530;,
  -6.654628;7.516704;-27.584470;,
  -7.030335;8.199797;-28.281491;,
  -6.446140;8.002259;-28.347325;,
  -7.171712;7.701314;-27.617158;,
  -7.521515;8.083044;-28.318874;,
  -7.701008;7.542118;-27.678333;,
  -7.518117;9.018122;-28.824784;,
  -7.695434;10.598934;-28.627642;,
  -6.826370;10.617871;-28.580013;,
  -6.930480;9.265600;-28.671754;,
  -6.343906;9.262870;-28.744352;,
  -5.767230;7.978378;-28.194704;,
  -6.163476;7.626105;-27.342614;,
  -6.786844;7.379440;-26.897674;,
  -5.794644;9.363167;-28.526150;,
  -5.376836;8.260667;-27.719958;,
  -5.813059;7.744029;-27.019677;,
  -6.355838;7.253181;-26.751987;,
  -5.750018;7.148153;-26.184448;,
  -5.999826;7.156951;-26.523202;,
  -5.606120;7.879426;-26.631102;,
  -5.211665;8.553305;-27.208717;,
  -5.446407;9.525366;-28.088067;,
  -5.391689;11.128796;-26.478402;,
  -5.292080;9.679806;-27.570192;,
  -5.120262;8.787378;-26.675592;,
  -5.451685;8.003432;-26.194226;,
  -5.338361;9.985999;-26.420464;,
  -5.157002;9.017033;-26.089709;,
  -5.435642;8.183062;-25.673046;,
  -5.610182;7.211311;-25.754208;,
  -5.576785;7.343999;-25.224165;,
  -5.813345;6.335998;-25.864227;,
  -5.541541;5.436859;-25.159099;,
  -5.459089;5.475487;-24.499582;,
  -5.511550;4.481884;-24.939002;,
  -5.498324;4.502815;-24.189747;,
  -5.543651;3.744160;-24.766803;,
  -5.512761;3.770889;-23.961453;,
  -5.383658;3.299881;-23.850442;,
  -5.233683;2.538383;-24.634950;,
  -5.499948;2.540905;-25.302790;,
  -5.759438;3.751717;-25.365954;,
  -5.966319;4.514477;-25.992534;,
  -6.047439;5.463680;-26.050738;,
  -6.075314;6.371611;-26.207064;,
  -6.410088;6.471972;-26.447347;,
  -6.439899;5.539436;-26.234062;,
  -6.393967;4.564594;-26.239582;,
  -6.420448;3.811039;-26.003835;,
  -7.311934;3.339603;-25.889034;,
  -6.400027;2.486511;-25.837309;,
  -8.542886;2.627670;-26.035150;,
  -8.572738;4.019493;-26.249739;,
  -8.096132;2.621067;-26.090667;,
  -8.148630;3.955406;-26.420589;,
  -8.058448;5.840610;-26.506773;,
  -7.316361;4.724850;-26.260515;,
  -7.336738;2.397835;-25.619006;,
  -9.886655;2.098824;-22.178568;,
  -10.089971;2.548603;-23.028466;,
  -9.750705;2.177078;-23.840112;,
  -9.739437;2.573971;-24.693546;,
  -9.177138;2.272785;-25.220888;,
  -9.352544;2.601360;-25.315611;,
  -8.900438;3.455002;-25.754562;,
  -8.856620;4.935974;-26.019816;,
  -8.721275;5.919399;-26.139894;,
  -9.026591;6.013000;-25.745830;,
  -9.527071;5.171703;-24.940050;,
  -9.276256;3.475487;-25.279392;,
  -9.489993;4.215362;-24.675171;,
  -9.784635;3.626976;-23.791293;,
  -10.146125;3.341839;-22.037576;,
  -9.946800;3.760647;-22.858984;,
  -9.589394;4.622688;-23.211538;,
  -9.743051;5.669808;-23.500966;,
  -9.469310;6.434528;-24.535318;,
  -9.051199;6.900333;-26.129597;,
  -9.753162;4.173771;-22.260675;,
  -9.946993;3.683807;-21.697594;,
  -9.645338;5.911892;-22.885509;,
  -9.371713;7.660393;-24.325422;,
  -9.211834;5.039284;-22.326653;,
  -9.498030;3.825535;-21.425616;,
  -10.014477;2.829414;-20.800467;,
  -10.126585;2.300724;-21.346373;,
  -9.952782;2.347301;-20.585802;,
  -9.434272;2.568420;-20.311438;,
  -9.520188;2.951458;-20.541099;,
  -9.022568;2.980385;-20.605130;,
  -8.950857;2.632130;-20.463989;,
  -8.993147;2.276939;-20.565950;,
  -8.585219;2.610592;-20.806014;,
  -8.616890;2.303486;-20.846763;,
  -8.166404;2.557449;-21.061390;,
  -9.322509;2.254868;-20.395792;,
  -9.231158;2.116161;-20.887629;,
  -9.322509;2.254868;-20.395792;,
  -8.838402;2.123081;-21.121747;,
  -8.616890;2.303486;-20.846763;,
  -8.166404;2.557449;-21.061390;,
  -8.585219;2.610592;-20.806014;,
  -6.964478;2.180908;-20.216536;,
  -6.955959;2.594509;-19.852270;,
  -7.312415;2.509418;-20.017358;,
  -7.334138;2.151554;-20.496122;,
  -7.776974;2.528786;-20.837557;,
  -8.124274;2.275654;-21.096918;,
  -6.891018;2.972160;-20.011408;,
  -6.433613;2.872593;-20.045965;,
  -6.412771;3.402115;-20.440998;,
  -6.593502;2.371952;-19.958211;,
  -6.570074;2.109940;-20.636630;,
  -7.737707;2.070301;-21.366338;,
  -8.645752;2.058575;-21.695981;,
  -5.606475;3.862492;-23.110982;,
  -5.465098;3.362514;-22.937066;,
  -5.800123;4.016045;-22.418269;,
  -5.840628;3.604824;-21.514582;,
  -6.226937;4.390392;-21.665470;,
  -6.020839;3.253212;-20.686445;,
  -6.515252;4.520428;-21.487021;,
  -6.831819;3.455635;-20.423166;,
  -5.744064;2.650139;-21.133621;,
  -5.307483;2.586884;-22.822427;,
  -5.200274;2.550400;-23.746968;,
  -5.233683;2.160305;-24.626995;,
  -5.239043;2.179859;-23.727926;,
  -5.602170;2.233562;-21.948011;,
  -6.203086;2.275841;-20.442496;,
  -6.020678;2.721611;-20.428392;,
  -5.945249;2.053501;-22.037853;,
  -5.558140;2.007526;-24.550878;,
  -5.561849;2.200516;-25.244810;,
  -6.015226;2.210594;-25.526906;,
  -7.474105;2.151981;-25.031712;,
  -6.793668;2.031559;-23.825296;,
  -8.094781;2.399944;-25.910445;,
  -8.469216;2.091507;-24.862259;,
  -8.079390;2.026531;-22.701984;,
  -9.443656;2.042389;-22.951992;,
  -9.438293;2.053684;-21.441632;,
  -9.811113;2.068443;-21.371498;,
  -9.592128;2.131428;-20.717714;,
  -8.838402;2.123081;-21.121747;,
  -9.434272;2.568420;-20.311438;,
  -7.247799;7.433647;-27.002198;,
  -7.682804;7.388955;-26.987219;,
  -7.667839;6.753954;-26.714842;,
  -8.740014;6.779794;-26.431320;,
  -8.775221;7.419589;-26.772930;,
  -8.189576;7.462593;-27.434339;,
  -7.911987;7.399928;-28.095469;,
  -8.032158;7.917521;-28.652595;,
  -8.273721;7.262864;-28.118960;,
  -8.597163;7.459219;-27.423690;,
  -8.757704;7.308084;-28.175200;,
  -8.460287;8.033346;-28.775264;,
  -9.012986;7.608751;-27.447002;,
  -9.163632;7.669518;-28.180720;,
  -8.839754;8.220062;-28.727504;,
  -8.388763;9.339081;-28.776605;,
  -8.014799;9.273810;-28.893843;,
  -8.348578;10.590625;-28.315322;,
  -8.628313;10.563889;-28.015107;,
  -9.040170;8.581024;-28.592266;,
  -8.939574;9.347616;-28.169782;,
  -9.195517;9.287930;-27.666963;,
  -9.050290;10.452371;-27.163203;,
  -9.403148;9.179680;-27.051446;,
  -9.506298;9.351146;-25.708698;,
  -9.360274;8.079230;-25.998690;,
  -9.315773;8.583643;-24.763774;,
  -9.743051;5.669808;-23.500966;,
  -9.197125;7.793170;-26.694450;,
  -9.415846;8.167450;-27.523946;,
  -9.314007;8.353855;-28.198266;,
  -5.910246;2.483711;-25.715658;,
  -6.043630;3.774071;-25.788218;,
  -2.563482;38.108787;-23.678402;,
  -3.382006;38.161773;-23.570914;,
  -3.252311;37.915578;-24.954376;,
  4.536664;38.338800;-29.205600;,
  5.461268;38.394710;-29.410029;,
  5.052087;37.864128;-27.965875;,
  3.481657;38.283901;-28.969482;,
  3.113864;37.717507;-27.422230;,
  4.821377;37.587600;-26.482595;,
  0.727007;37.793280;-25.581334;,
  -3.301488;37.882806;-26.293101;,
  0.457937;37.975587;-24.144342;,
  0.314040;38.053574;-22.744885;,
  -0.819772;38.093971;-22.515858;,
  -2.108038;38.211574;-21.931906;,
  -3.034913;38.278557;-22.151440;,
  4.990940;37.811107;-24.968387;,
  3.169898;38.222080;-23.600314;,
  1.648504;38.069587;-24.091893;,
  0.545097;53.919712;-38.260115;,
  0.058883;53.630688;-38.243242;,
  0.018705;53.793722;-38.347491;,
  0.981267;55.279405;-38.685168;,
  0.867594;54.516896;-38.923914;,
  1.145059;54.440512;-39.798157;,
  0.766828;54.641888;-38.532630;,
  1.149600;55.229094;-38.249862;,
  0.908209;54.482810;-38.296531;,
  0.503743;54.071347;-38.707574;,
  0.042133;53.719910;-38.538390;,
  0.013502;52.860109;-38.867744;,
  0.622805;53.094390;-39.211213;,
  1.006857;53.654214;-40.738093;,
  1.038700;52.501891;-40.341600;,
  1.002863;53.353120;-39.673779;,
  0.889842;52.435293;-39.784387;,
  0.666000;51.489754;-39.632934;,
  0.467720;50.482979;-39.820989;,
  -0.070214;49.894682;-38.891914;,
  -0.374009;49.257629;-38.991091;,
  -0.529753;49.651011;-38.493594;,
  -0.808448;49.183738;-38.454109;,
  -0.852663;49.603462;-38.355069;,
  -0.763030;48.975066;-38.778989;,
  -0.805229;50.134557;-38.376266;,
  -1.272743;50.141536;-38.353008;,
  -0.852663;49.603462;-38.355069;,
  -1.553916;49.687706;-38.450730;,
  -1.288744;49.162614;-38.450003;,
  -1.232250;48.978691;-38.789382;,
  -0.809695;49.243750;-39.518416;,
  -0.116191;49.669229;-39.776301;,
  -0.380507;51.525715;-38.813581;,
  -1.217257;50.786406;-38.535722;,
  -1.691972;50.679306;-38.757786;,
  -1.846879;49.924611;-38.823872;,
  -1.595388;49.274611;-38.932176;,
  -1.419866;49.679165;-39.774707;,
  -1.672333;51.383366;-38.995926;,
  -1.989743;51.245094;-39.462877;,
  -1.945358;50.357738;-39.549210;,
  -1.715870;50.233472;-39.937978;,
  -1.183631;50.771043;-40.701037;,
  -0.877096;49.870112;-40.217133;,
  -0.394940;51.524982;-41.229981;,
  -0.944272;52.634915;-41.243638;,
  -1.460526;52.685376;-38.977389;,
  -1.924382;51.863008;-40.182285;,
  -1.890544;52.664186;-39.519578;,
  -1.933829;53.871245;-38.996797;,
  -1.323682;53.898298;-38.324989;,
  -2.168476;55.171667;-38.145738;,
  -1.298751;53.989152;-38.103914;,
  -2.361300;54.900205;-37.774896;,
  -1.414268;53.704947;-38.057616;,
  -3.206059;56.377254;-37.351661;,
  -1.947833;53.425952;-40.004563;,
  -2.210191;55.066950;-39.335910;,
  -2.354376;56.126464;-38.788240;,
  -2.656654;56.797146;-37.574883;,
  -2.325382;57.422112;-38.021763;,
  -3.142794;58.258630;-36.856637;,
  -1.680689;59.119040;-37.329776;,
  -0.912689;60.499290;-36.461786;,
  -1.865398;60.399693;-36.366186;,
  0.025300;60.349293;-36.399123;,
  0.912363;60.081786;-36.234093;,
  -0.007987;59.183302;-37.516086;,
  -0.877502;59.312928;-37.516842;,
  -1.754325;58.050400;-38.489786;,
  -1.831692;56.868237;-39.444518;,
  -1.783321;55.648685;-40.085565;,
  -1.595322;53.587613;-40.712698;,
  -0.965868;54.839846;-40.969654;,
  -0.977026;57.235872;-39.768621;,
  -0.910138;58.345254;-38.740314;,
  -0.165676;53.789581;-41.370874;,
  -0.094993;56.188960;-40.501584;,
  -0.015789;57.222624;-39.716496;,
  0.038422;58.216301;-38.731738;,
  0.759937;58.822989;-37.280899;,
  0.798450;57.722707;-38.394333;,
  0.776016;56.798266;-39.345296;,
  0.686294;55.984954;-40.146083;,
  0.620149;54.966784;-40.817632;,
  1.051349;54.745491;-40.318864;,
  1.066587;55.522586;-39.658368;,
  1.088234;56.227686;-38.752608;,
  1.218008;57.404806;-37.903866;,
  1.477656;58.632730;-37.061981;,
  1.422378;56.159616;-38.066720;,
  1.850145;57.265440;-37.604896;,
  -0.092353;50.469642;-40.659290;,
  0.408900;52.564736;-41.284896;,
  0.534383;53.740858;-41.185149;,
  0.648760;51.406547;-40.728758;,
  0.880337;52.523786;-40.881530;,
  6.578590;95.823706;45.644950;,
  6.706669;95.705293;45.779357;,
  6.548168;95.813766;45.801933;,
  6.507970;95.821248;45.954362;,
  6.462496;95.772576;45.945392;,
  6.578590;95.823706;45.644950;,
  6.583428;95.931302;45.840838;,
  6.438029;95.843546;46.215955;,
  6.549530;95.723885;45.962490;,
  6.722756;95.652474;45.972493;,
  6.815864;95.615603;46.226573;,
  6.625950;95.642323;46.043027;,
  6.474385;95.725069;46.230678;,
  8.919646;36.258752;21.536576;,
  7.923470;35.239197;21.965184;,
  8.565905;37.478970;21.275098;,
  7.660830;36.562909;21.924099;,
  7.242707;37.714195;22.081150;,
  9.732784;37.349136;21.197616;,
  10.017536;36.132454;21.708486;,
  8.226325;33.884554;22.117106;,
  6.960542;34.179328;22.456880;,
  6.796613;35.508416;22.575526;,
  6.557326;36.743482;22.825902;,
  6.160098;37.735014;23.348686;,
  6.163700;34.340966;23.116642;,
  5.917356;34.367101;23.625682;,
  6.065883;35.559648;23.533088;,
  5.431517;31.981856;23.276498;,
  5.295846;32.023875;23.768797;,
  5.382206;32.010698;25.003246;,
  5.797438;34.303142;24.996944;,
  5.833942;35.457594;25.013133;,
  5.822272;36.573094;24.991886;,
  5.924753;36.652858;24.198006;,
  5.862244;37.663517;24.123680;,
  5.666508;38.357376;24.899291;,
  5.649280;38.379459;23.989658;,
