xof 0303txt 0032
template ColorRGBA {
 <35ff44e0-6c7c-11cf-8f52-0040333594a3>
 FLOAT red;
 FLOAT green;
 FLOAT blue;
 FLOAT alpha;
}

template ColorRGB {
 <d3e16e81-7835-11cf-8f52-0040333594a3>
 FLOAT red;
 FLOAT green;
 FLOAT blue;
}

template Material {
 <3d82ab4d-62da-11cf-ab39-0020af71e433>
 ColorRGBA faceColor;
 FLOAT power;
 ColorRGB specularColor;
 ColorRGB emissiveColor;
 [...]
}

template TextureFilename {
 <a42790e1-7810-11cf-8f52-0040333594a3>
 STRING filename;
}

template Frame {
 <3d82ab46-62da-11cf-ab39-0020af71e433>
 [...]
}

template Matrix4x4 {
 <f6f23f45-7686-11cf-8f52-0040333594a3>
 array FLOAT matrix[16];
}

template FrameTransformMatrix {
 <f6f23f41-7686-11cf-8f52-0040333594a3>
 Matrix4x4 frameMatrix;
}

template Vector {
 <3d82ab5e-62da-11cf-ab39-0020af71e433>
 FLOAT x;
 FLOAT y;
 FLOAT z;
}

template MeshFace {
 <3d82ab5f-62da-11cf-ab39-0020af71e433>
 DWORD nFaceVertexIndices;
 array DWORD faceVertexIndices[nFaceVertexIndices];
}

template Mesh {
 <3d82ab44-62da-11cf-ab39-0020af71e433>
 DWORD nVertices;
 array Vector vertices[nVertices];
 DWORD nFaces;
 array MeshFace faces[nFaces];
 [...]
}

template MeshNormals {
 <f6f23f43-7686-11cf-8f52-0040333594a3>
 DWORD nNormals;
 array Vector normals[nNormals];
 DWORD nFaceNormals;
 array MeshFace faceNormals[nFaceNormals];
}

template MeshMaterialList {
 <f6f23f42-7686-11cf-8f52-0040333594a3>
 DWORD nMaterials;
 DWORD nFaceIndexes;
 array DWORD faceIndexes[nFaceIndexes];
 [Material <3d82ab4d-62da-11cf-ab39-0020af71e433>]
}

template Coords2d {
 <f6f23f44-7686-11cf-8f52-0040333594a3>
 FLOAT u;
 FLOAT v;
}

template MeshTextureCoords {
 <f6f23f40-7686-11cf-8f52-0040333594a3>
 DWORD nTextureCoords;
 array Coords2d textureCoords[nTextureCoords];
}

template XSkinMeshHeader {
 <3cf169ce-ff7c-44ab-93c0-f78f62d172e2>
 WORD nMaxSkinWeightsPerVertex;
 WORD nMaxSkinWeightsPerFace;
 WORD nBones;
}

template SkinWeights {
 <6f0d123b-bad2-4167-a0d0-80224f25fabb>
 STRING transformNodeName;
 DWORD nWeights;
 array DWORD vertexIndices[nWeights];
 array FLOAT weights[nWeights];
 Matrix4x4 matrixOffset;
}

template AnimTicksPerSecond {
 <9e415a43-7ba6-4a73-8743-b73d47e88476>
 DWORD AnimTicksPerSecond;
}

template Animation {
 <3d82ab4f-62da-11cf-ab39-0020af71e433>
 [...]
}

template AnimationSet {
 <3d82ab50-62da-11cf-ab39-0020af71e433>
 [Animation <3d82ab4f-62da-11cf-ab39-0020af71e433>]
}

template FloatKeys {
 <10dd46a9-775b-11cf-8f52-0040333594a3>
 DWORD nValues;
 array FLOAT values[nValues];
}

template TimedFloatKeys {
 <f406b180-7b3b-11cf-8f52-0040333594a3>
 DWORD time;
 FloatKeys tfkeys;
}

template AnimationKey {
 <10dd46a8-775b-11cf-8f52-0040333594a3>
 DWORD keyType;
 DWORD nKeys;
 array TimedFloatKeys keys[nKeys];
}


Material KA_Mat_01 {
 1.000000;1.000000;1.000000;1.000000;;
 10.000000;
 0.000000;0.000000;0.000000;;
 0.000000;0.000000;0.000000;;

 TextureFilename {
  "KA_Dif_01.tga";
 }
}

Frame Root {
 

 FrameTransformMatrix {
  0.000066,0.000000,-1.000000,0.000000,0.000000,1.000000,0.000000,0.000000,1.000000,0.000000,0.000066,0.000000,0.000000,0.000000,0.000000,1.000000;;
 }

 Frame pelvis {
  

  FrameTransformMatrix {
   0.995263,-0.071101,-0.066300,0.000000,0.070702,0.997463,-0.008338,0.000000,0.066724,0.003611,0.997765,0.000000,-0.663182,91.498304,0.000000,1.000000;;
  }

  Frame Spine_01 {
   

   FrameTransformMatrix {
    0.985973,0.163973,0.031154,0.000000,-0.163861,0.986465,-0.006123,0.000000,-0.031736,0.000932,0.999496,0.000000,0.110502,24.648698,-0.000000,1.000000;;
   }

   Frame Spine_02 {
    

    FrameTransformMatrix {
     0.991800,-0.124944,0.026866,0.000000,0.123770,0.991436,0.041662,0.000000,-0.031841,-0.037995,0.998770,0.000000,-0.000001,24.644714,0.000000,1.000000;;
    }

    Frame Clavicle_L {
     

     FrameTransformMatrix {
      0.018894,0.971012,-0.238283,0.000000,0.039527,0.237414,0.970604,0.000000,0.999040,-0.027758,-0.033896,0.000000,1.062800,0.829117,6.156762,1.000000;;
     }

     Frame Upper_Arm_L {
      

      FrameTransformMatrix {
       -0.070629,0.154356,-0.985488,0.000000,-0.982510,0.159879,0.095457,0.000000,0.172293,0.974994,0.140364,0.000000,-0.000061,10.103458,0.000000,1.000000;;
      }

      Frame Armroll_L {
       

       FrameTransformMatrix {
        0.925291,0.000000,0.379259,0.000000,0.000000,1.000000,0.000000,0.000000,-0.379259,0.000000,0.925291,0.000000,0.000000,17.405517,0.000000,1.000000;;
       }
      }

      Frame Forearm_L {
       

       FrameTransformMatrix {
        0.191972,0.965204,-0.177560,0.000000,-0.883214,0.091033,-0.460051,0.000000,-0.427879,0.245141,0.869957,0.000000,0.000001,26.108269,0.000000,1.000000;;
       }

       Frame Hand_L {
        

        FrameTransformMatrix {
         0.246258,0.274079,-0.929644,0.000000,-0.947473,0.270053,-0.171363,0.000000,0.204086,0.923012,0.326185,0.000000,0.000000,22.695987,0.000004,1.000000;;
        }

        Frame Thumb_01_L {
         

         FrameTransformMatrix {
          0.862325,-0.109629,0.494346,0.000000,-0.083147,0.932373,0.351806,0.000000,-0.499482,-0.344475,0.794893,0.000000,0.000000,1.651787,0.000000,1.000000;;
         }

         Frame Thumb_02_L {
          

          FrameTransformMatrix {
           0.956220,-0.289815,-0.040627,0.000000,0.287958,0.907024,0.307226,0.000000,-0.052189,-0.305474,0.950769,0.000000,0.000000,3.721794,-0.000002,1.000000;;
          }

          Frame Thumb_03_L {
           

           FrameTransformMatrix {
            0.985470,-0.169847,0.000092,0.000000,0.167228,0.970368,0.174417,0.000000,-0.029714,-0.171867,0.984672,0.000000,0.000000,3.252781,-0.000004,1.000000;;
           }

           Frame Thumb_04_L {
            

            FrameTransformMatrix {
             1.000000,-0.000000,0.000000,0.000000,0.000000,1.000000,0.000000,0.000000,0.000000,-0.000000,1.000000,0.000000,0.000000,2.874678,-0.000008,1.000000;;
            }
           }
          }
         }
        }

        Frame Point_01_L {
         

         FrameTransformMatrix {
          0.913180,-0.129445,-0.386455,0.000000,0.403497,0.420673,0.812542,0.000000,0.057392,-0.897930,0.436380,0.000000,2.483665,3.332970,6.364266,1.000000;;
         }

         Frame Point_02_L {
          

          FrameTransformMatrix {
           0.992063,-0.109627,0.061583,0.000000,0.123842,0.936653,-0.327635,0.000000,-0.021764,0.332661,0.942795,0.000000,-0.000004,2.648893,-0.000008,1.000000;;
          }

          Frame Point_03_L {
           

           FrameTransformMatrix {
            0.999777,-0.009789,0.018737,0.000000,0.010471,0.999274,-0.036642,0.000000,-0.018365,0.036830,0.999153,0.000000,-0.000004,2.344780,0.000015,1.000000;;
           }

           Frame Point_04_L {
            

            FrameTransformMatrix {
             1.000000,0.000000,0.000000,0.000000,0.000000,1.000000,0.000000,0.000000,0.000000,0.000000,1.000000,0.000000,0.000004,3.744720,0.000000,1.000000;;
            }
           }
          }
         }
        }
       }

       Frame ForeArm_Twist2_L {
        

        FrameTransformMatrix {
         0.788364,0.000000,-0.615209,0.000000,-0.000000,1.000000,0.000000,0.000000,0.615209,-0.000000,0.788364,0.000000,0.000000,15.130640,0.000004,1.000000;;
        }
       }
      }
     }
    }

    Frame Clavicle_R {
     

     FrameTransformMatrix {
      0.049884,0.990635,0.127103,0.000000,-0.241486,0.135449,-0.960905,0.000000,-0.969122,0.017241,0.245981,0.000000,1.062716,0.828369,-6.157505,1.000000;;
     }

     Frame Upper_Arm_R {
      

      FrameTransformMatrix {
       -0.318118,0.263216,0.910779,0.000000,-0.894722,0.234309,-0.380225,0.000000,-0.313485,-0.935851,0.160967,0.000000,0.000015,10.103462,-0.000000,1.000000;;
      }

      Frame Armroll_R {
       

       FrameTransformMatrix {
        0.824697,-0.000000,-0.565575,0.000000,0.000000,1.000000,0.000000,0.000000,0.565575,-0.000000,0.824697,0.000000,0.000002,17.405502,0.000000,1.000000;;
       }
      }

      Frame Forearm_R {
       

       FrameTransformMatrix {
        0.240101,0.963886,0.115218,0.000000,-0.771950,0.117616,0.624707,0.000000,0.588595,-0.238935,0.772312,0.000000,0.000004,26.108269,0.000000,1.000000;;
       }

       Frame Hand_R {
        

        FrameTransformMatrix {
         0.709723,0.703598,-0.035264,0.000000,-0.114146,0.164246,0.979793,0.000000,0.695172,-0.691356,0.196882,0.000000,0.000008,22.695992,0.000000,1.000000;;
        }

        Frame Thumb_01_R {
         

         FrameTransformMatrix {
          0.961755,-0.269552,0.048680,0.000000,0.273712,0.938968,-0.208378,0.000000,0.010459,0.213733,0.976836,0.000000,0.000008,1.656841,0.000000,1.000000;;
         }

         Frame Thumb_02_R {
          

          FrameTransformMatrix {
           0.988490,-0.151152,0.006453,0.000000,0.150218,0.975524,-0.160588,0.000000,0.017978,0.159708,0.987001,0.000000,0.000008,3.721786,0.000000,1.000000;;
          }

          Frame Thumb_03_R {
           

           FrameTransformMatrix {
            0.983356,-0.181675,0.002105,0.000000,0.178869,0.966004,-0.186660,0.000000,0.031878,0.183930,0.982422,0.000000,0.000004,3.252777,-0.000008,1.000000;;
           }

           Frame Thumb_04_R {
            

            FrameTransformMatrix {
             1.000000,-0.000000,0.000000,0.000000,-0.000000,1.000000,0.000000,0.000000,0.000000,0.000000,1.000000,0.000000,-0.000008,2.874674,0.000000,1.000000;;
            }
           }
          }
         }
        }

        Frame Point_01_R {
         

         FrameTransformMatrix {
          0.901654,-0.423039,0.089764,0.000000,0.303581,0.471341,-0.828056,0.000000,0.307990,0.773871,0.553413,0.000000,2.493187,3.327862,-6.363212,1.000000;;
         }

         Frame Point_02_R {
          

          FrameTransformMatrix {
           0.986429,-0.145156,-0.076730,0.000000,0.164118,0.885361,0.434972,0.000000,0.004795,-0.441662,0.897169,0.000000,0.000000,2.648895,-0.000015,1.000000;;
          }

          Frame Point_03_R {
           

           FrameTransformMatrix {
            0.992665,-0.114483,-0.038848,0.000000,0.120595,0.915074,0.384834,0.000000,-0.008508,-0.386696,0.922168,0.000000,0.000000,2.344788,-0.000008,1.000000;;
           }

           Frame Point_04_R {
            

            FrameTransformMatrix {
             1.000000,0.000000,0.000000,0.000000,-0.000000,1.000000,0.000000,0.000000,-0.000000,0.000000,1.000000,0.000000,0.000004,3.744720,-0.000008,1.000000;;
            }
           }
          }
         }
        }
       }

       Frame ForeArm_Twist2_R {
        

        FrameTransformMatrix {
         0.963658,-0.000000,-0.267140,0.000000,0.000000,1.000000,0.000000,0.000000,0.267140,-0.000000,0.963658,0.000000,0.000008,15.130646,0.000004,1.000000;;
        }
       }
      }
     }
    }

    Frame Neck {
     

     FrameTransformMatrix {
      0.827720,-0.561142,0.000000,0.000000,0.561142,0.827720,0.000000,0.000000,0.000000,-0.000000,1.000000,0.000000,3.894129,9.593322,0.000000,1.000000;;
     }

     Frame Head {
      

      FrameTransformMatrix {
       0.940761,-0.337563,0.031931,0.000000,0.338106,0.941014,-0.013335,0.000000,-0.025547,0.023341,0.999401,0.000000,0.000008,7.122604,-0.000000,1.000000;;
      }

      Frame Jaw {
       

       FrameTransformMatrix {
        0.957883,0.287159,0.000000,0.000000,-0.287159,0.957883,-0.000000,0.000000,0.000000,0.000000,1.000000,0.000000,0.391678,3.838501,0.000000,1.000000;;
       }
      }
     }
    }
   }
  }

  Frame Thigh_L {
   

   FrameTransformMatrix {
    0.985801,0.167170,-0.015851,0.000000,0.167770,-0.976519,0.135146,0.000000,0.007114,-0.135886,-0.990699,0.000000,-1.159132,1.191979,9.217898,1.000000;;
   }

   Frame Calf_L {
    

    FrameTransformMatrix {
     0.901525,0.284203,-0.326313,0.000000,-0.255594,0.958218,0.128418,0.000000,0.349176,-0.032368,0.936498,0.000000,-0.000001,39.394106,-0.000002,1.000000;;
    }

    Frame Foot_L {
     

     FrameTransformMatrix {
      0.445979,-0.892393,0.068827,0.000000,0.893574,0.448333,0.022865,0.000000,-0.051262,0.051304,0.997367,0.000000,-0.000000,43.118918,0.000000,1.000000;;
     }

     Frame Toe_L {
      

      FrameTransformMatrix {
       1.000000,0.000000,0.000000,0.000000,-0.000000,1.000000,-0.000000,0.000000,-0.000000,-0.000000,1.000000,0.000000,0.000000,15.260675,-0.000002,1.000000;;
      }
     }
    }
   }
  }

  Frame Thigh_R {
   

   FrameTransformMatrix {
    0.144746,-0.985450,-0.089091,0.000000,-0.932476,-0.105738,-0.345409,0.000000,0.330963,0.133072,-0.934214,0.000000,-1.159132,1.191994,-9.217899,1.000000;;
   }

   Frame Calf_R {
    

    FrameTransformMatrix {
     0.289703,-0.824366,0.486306,0.000000,0.956253,0.227713,-0.183652,0.000000,0.040658,0.518236,0.854271,0.000000,39.394109,-0.000000,0.000000,1.000000;;
    }

    Frame Foot_R {
     

     FrameTransformMatrix {
      0.409026,-0.911969,0.031793,0.000000,0.895536,0.407860,0.177947,0.000000,-0.175249,-0.044314,0.983526,0.000000,-0.000001,43.118928,0.000000,1.000000;;
     }

     Frame Toe_R {
      

      FrameTransformMatrix {
       1.000000,-0.000000,0.000000,0.000000,-0.000000,1.000000,-0.000000,0.000000,0.000000,0.000000,1.000000,0.000000,-0.000001,15.260675,0.000002,1.000000;;
      }
     }
    }
   }
  }
 }
}

Frame SportyMan_01 {
 

 FrameTransformMatrix {
  1.000000,0.000000,0.000000,0.000000,0.000000,1.000000,0.000000,0.000000,0.000000,0.000000,1.000000,0.000000,0.000000,0.000000,0.000000,1.000000;;
 }

 Mesh SportyMan_01 {
  4711;
  2.235550;152.013248;-17.565098;,
  2.481453;151.920627;-17.664638;,
  2.215307;151.830976;-17.776750;,
  25.268610;118.384986;-8.417936;,
  26.062523;120.347597;-6.500544;,
  27.592618;119.533773;-5.915947;,
  27.035907;117.354816;-6.578306;,
  25.265838;116.600640;-8.737706;,
  25.268610;118.384986;-8.417936;,
  26.503398;115.252813;-6.782314;,
  24.857432;114.540928;-8.601986;,
  28.822854;119.148787;-4.116518;,
  27.380618;124.561843;1.620373;,
  28.263542;121.203610;1.373937;,
  29.046502;121.582835;-0.607498;,
  29.145011;118.308544;-2.493059;,
  28.061110;117.623731;-5.252679;,
  28.035562;116.245299;-4.718746;,
  27.557050;115.005107;-3.306211;,
  25.562125;113.551987;-6.280524;,
  22.427803;112.340378;-9.773533;,
  28.623226;117.515955;-0.594941;,
  24.501854;129.852800;3.001436;,
  25.457363;126.887578;2.837502;,
  26.812485;127.588390;1.097918;,
  25.884392;123.898368;3.155495;,
  26.691552;120.587494;2.885674;,
  27.234035;116.795750;1.045801;,
  26.212411;113.811930;-2.230254;,
  27.557050;115.005107;-3.306211;,
  23.675365;123.016026;4.047297;,
  24.370227;119.837709;3.669449;,
  25.087238;116.023181;1.979310;,
  24.136430;112.881139;-1.534799;,
  24.187293;112.405402;-5.272300;,
  22.427306;111.848090;-3.847924;,
  21.066818;111.149555;-8.619806;,
  19.444992;110.625920;-7.303547;,
  19.482941;110.332518;-10.794419;,
  20.728867;111.591296;-11.981701;,
  19.020294;110.981709;-14.230496;,
  17.889587;109.683866;-13.060549;,
  17.247307;110.759027;-16.215795;,
  16.201965;109.530598;-15.156582;,
  15.846794;110.777715;-17.618570;,
  17.834846;112.404826;-16.949221;,
  19.634643;112.712192;-15.064006;,
  21.461594;113.293222;-12.869900;,
  23.279381;113.994688;-10.637080;,
  23.398163;115.926669;-11.109001;,
  22.821381;117.779635;-11.127981;,
  21.525886;115.204160;-13.334514;,
  19.679634;114.668506;-15.453667;,
  21.644730;119.231501;-10.640142;,
  24.172088;119.580378;-8.182486;,
  17.257050;119.844326;-7.575346;,
  18.671616;120.341005;-8.792082;,
  15.548890;119.180070;-12.672913;,
  18.536637;119.453517;-11.881754;,
  16.929008;119.000384;-13.848670;,
  18.197510;118.050906;-14.783304;,
  19.178939;116.544602;-15.364680;,
  12.940016;114.212864;-21.263029;,
  15.050629;115.080986;-19.095821;,
  15.255349;113.640832;-19.241947;,
  16.564499;114.006605;-18.494232;,
  16.260894;115.673549;-18.336123;,
  16.678269;117.529472;-16.541139;,
  16.422730;112.284326;-18.254200;,
  15.111146;112.162842;-19.059718;,
  13.077127;112.904230;-21.121096;,
  12.628426;113.274598;-21.296187;,
  12.804677;111.516672;-20.998805;,
  11.786814;109.744832;-19.743758;,
  11.279442;110.107046;-19.565781;,
  11.925809;110.528448;-20.186362;,
  12.543010;110.495808;-20.412213;,
  12.261415;111.018918;-20.604834;,
  14.620605;110.877798;-18.547024;,
  14.851966;109.652045;-16.684771;,
  13.761619;109.912218;-17.776702;,
  10.698156;109.479462;-18.835216;,
  12.535530;109.423040;-16.796875;,
  10.427349;109.545267;-16.992027;,
  11.256304;109.487744;-15.820907;,
  13.458184;109.065702;-15.535973;,
  14.685173;108.885901;-13.862262;,
  9.710744;109.713792;-18.027222;,
  10.244614;110.150822;-15.037382;,
  9.612509;110.310438;-16.354456;,
  9.064188;110.490957;-17.558498;,
  9.305909;110.869453;-17.930357;,
  9.787319;110.233600;-18.254318;,
  10.496411;110.007014;-18.851963;,
  10.698156;109.479462;-18.835216;,
  9.221014;111.504486;-16.090934;,
  8.700712;111.836544;-17.551194;,
  9.027759;111.741171;-17.816566;,
  9.407706;111.907942;-17.804997;,
  9.789510;111.093082;-17.899269;,
  10.177138;110.627699;-18.154547;,
  10.496411;110.007014;-18.851963;,
  10.648367;110.445043;-18.583842;,
  9.107142;112.617472;-17.846045;,
  9.347570;113.071155;-17.947064;,
  9.013374;113.150234;-17.986765;,
  9.476535;114.072947;-18.271629;,
  11.279442;110.107046;-19.565781;,
  11.517991;110.643277;-19.710254;,
  11.820703;110.921062;-20.233341;,
  11.953126;111.250867;-20.537296;,
  12.473718;111.731533;-20.969656;,
  12.562186;112.509939;-21.177083;,
  12.207851;112.217600;-21.070262;,
  12.297056;112.814362;-21.253445;,
  12.107241;111.672602;-20.829600;,
  12.501682;114.095309;-21.422101;,
  12.700102;115.502874;-20.790200;,
  14.496224;116.252314;-18.631704;,
  15.541749;117.020749;-17.782982;,
  11.139866;116.570394;-19.404720;,
  12.575989;117.198246;-16.973128;,
  13.652046;117.007782;-17.908270;,
  12.056533;116.293670;-20.219496;,
  12.442634;115.125670;-21.103997;,
  12.417245;114.823117;-21.272827;,
  14.521331;117.893747;-16.931166;,
  13.269371;118.103744;-15.840170;,
  11.483284;116.810112;-16.030262;,
  12.027016;117.649600;-14.732814;,
  14.227752;118.618010;-11.427624;,
  11.910263;116.890330;-12.254211;,
  13.160805;117.330189;-10.266979;,
  12.445999;115.534054;-9.364931;,
  13.766778;116.160717;-7.135300;,
  10.914230;113.167898;-11.139163;,
  12.222412;113.468352;-8.904188;,
  10.326935;114.917594;-13.168646;,
  11.037697;116.517888;-13.812336;,
  10.615547;115.838093;-15.281454;,
  10.222221;116.337152;-18.609712;,
  9.140604;112.875149;-16.113709;,
  9.613495;112.836672;-14.579578;,
  9.976974;114.452109;-14.782317;,
  9.980346;113.058304;-12.891857;,
  10.677787;116.190272;-19.363928;,
  10.193521;115.799322;-18.904888;,
  11.356002;116.209395;-20.016426;,
  12.015479;115.848934;-20.667947;,
  12.252866;115.454822;-20.992347;,
  11.817878;115.903270;-20.409874;,
  11.352689;116.066598;-19.869259;,
  10.848375;115.918618;-19.341938;,
  10.499741;115.583232;-19.020782;,
  9.718354;115.060365;-18.557488;,
  9.622548;115.615923;-18.108875;,
  9.443191;114.322560;-16.285416;,
  9.147830;114.524672;-17.794722;,
  9.233259;114.079680;-18.249427;,
  8.826094;113.258253;-17.568819;,
  9.894515;114.959590;-18.662392;,
  9.476535;114.072947;-18.271629;,
  9.013374;113.150234;-17.986765;,
  8.700712;111.836544;-17.551194;,
  9.221014;111.504486;-16.090934;,
  9.694077;111.291866;-14.645725;,
  9.814972;111.299853;-13.859448;,
  10.074997;111.256742;-12.967659;,
  11.047531;111.237158;-11.175134;,
  12.426132;111.463309;-8.878246;,
  13.564979;114.118054;-6.558044;,
  13.846550;112.132006;-6.485666;,
  13.846550;112.132006;-6.485666;,
  15.299942;112.971149;-4.265648;,
  15.190259;117.083712;-5.011486;,
  14.968277;114.940160;-4.328881;,
  16.400618;115.867034;-2.540892;,
  16.639261;117.961946;-3.078987;,
  17.723381;116.186573;-1.109332;,
  18.574499;117.676787;-1.472516;,
  19.194934;116.430541;0.106657;,
  19.167378;118.039590;-2.463961;,
  16.685776;113.813030;-2.536515;,
  18.056109;114.252646;-1.058113;,
  19.139938;114.550144;0.212078;,
  19.896843;115.353242;1.218668;,
  19.498573;117.139110;1.505716;,
  19.042981;117.450355;-0.327606;,
  17.818131;120.006426;-3.561620;,
  17.619510;119.702387;-1.106180;,
  16.473645;122.686067;-3.163064;,
  16.348602;122.350746;-0.704272;,
  15.131770;125.459072;-3.203496;,
  15.178134;125.054528;-0.317239;,
  14.504154;127.589338;-0.600161;,
  14.530949;128.160998;-3.778172;,
  16.350552;126.384704;-5.470846;,
  18.002048;119.875136;1.078126;,
  17.090794;122.500250;1.689232;,
  15.854434;125.130547;1.894473;,
  15.007280;127.597965;2.215489;,
  14.871395;129.333248;3.673058;,
  14.587525;128.759744;-0.300280;,
  14.434514;129.757030;-4.221033;,
  15.434296;129.379443;-6.216858;,
  15.016197;131.566797;-6.544378;,
  16.875200;130.778458;-7.741611;,
  16.029402;133.407104;-8.051889;,
  18.698706;132.048845;-8.370527;,
  17.479205;135.263872;-8.786384;,
  20.596058;133.232192;-8.126370;,
  19.334669;136.947635;-8.418639;,
  18.054285;127.492608;-7.042269;,
  19.696155;128.469120;-7.833045;,
  21.695109;129.500122;-7.857016;,
  23.649584;130.390323;-6.922518;,
  22.628787;134.298509;-6.936050;,
  25.264686;131.026086;-5.261870;,
  19.138227;124.348314;-6.830754;,
  20.906018;125.262643;-7.755953;,
  22.760787;126.151104;-7.815262;,
  24.557878;127.008640;-6.985579;,
  26.068013;127.658662;-5.422864;,
  27.018355;127.963341;-3.323430;,
  22.533926;122.513459;-7.794582;,
  24.375355;123.330061;-7.657041;,
  26.072742;124.104794;-6.695203;,
  27.347107;124.717542;-4.996629;,
  28.002326;124.989146;-2.779650;,
  27.356077;127.952486;-1.012117;,
  26.444949;131.180173;-0.926888;,
  25.860288;130.709094;1.241955;,
  24.587053;134.166016;2.069834;,
  28.110595;124.955840;-0.416262;,
  28.988368;121.737088;-2.813478;,
  28.249901;121.718259;-4.825393;,
  26.833846;121.579251;-6.178245;,
  25.130290;121.252979;-6.800723;,
  24.351021;120.557658;-6.526728;,
  23.337216;120.628557;-6.734408;,
  20.635970;121.602470;-7.121534;,
  17.586090;123.439245;-5.268616;,
  18.939139;120.681050;-5.675058;,
  21.596624;119.645888;-6.101626;,
  22.562667;120.439360;-5.950372;,
  22.508437;120.288410;-7.723989;,
  20.171875;120.145114;-9.815638;,
  20.729029;120.544435;-6.912712;,
  20.893123;119.997773;-4.823371;,
  20.103654;118.719936;-4.602244;,
  19.494706;119.144064;-3.248016;,
  19.031682;120.334438;-5.743814;,
  16.076438;118.770458;-6.251626;,
  14.557182;117.900890;-8.219418;,
  17.629803;119.417088;-4.313767;,
  6.209218;133.115405;12.933164;,
  6.716022;137.153011;12.148991;,
  -0.422678;133.956288;14.081698;,
  11.295427;140.330790;10.084348;,
  15.384387;143.000742;7.805270;,
  12.285560;143.696653;8.622753;,
  7.663534;140.913971;10.828205;,
  10.172061;136.466227;11.407535;,
  9.218525;132.412890;12.183992;,
  5.938295;128.961946;13.122439;,
  8.698286;128.358349;12.296165;,
  5.852935;125.247411;12.671074;,
  8.472259;124.822874;11.766848;,
  11.377550;127.602099;10.986243;,
  11.958433;131.543360;10.791519;,
  13.232916;135.527859;10.173176;,
  14.526787;139.430925;8.989340;,
  18.382038;142.801306;6.217455;,
  17.078952;138.138278;7.658222;,
  15.548634;133.733709;8.209499;,
  14.052694;130.281933;9.001934;,
  15.345925;130.980621;6.361002;,
  11.154538;124.163738;10.456298;,
  13.558277;126.792410;9.106331;,
  15.176064;128.758592;7.078361;,
  14.871395;129.333248;3.673058;,
  15.297509;127.775706;4.088168;,
  14.587525;128.759744;-0.300280;,
  15.115688;127.435955;0.002818;,
  14.434514;129.757030;-4.221033;,
  8.461499;121.497920;11.122364;,
  14.640552;125.155686;-5.370601;,
  14.713224;127.871770;-3.744042;,
  15.692008;124.732877;-0.327092;,
  15.641824;125.185971;4.017014;,
  14.984379;125.921933;6.955411;,
  12.334103;124.316557;-9.944770;,
  14.690382;121.269568;-5.928386;,
  16.013979;121.718541;-1.168172;,
  15.935630;122.182042;3.158431;,
  15.037896;122.815462;6.360098;,
  13.469078;123.479091;8.716182;,
  16.396496;119.074010;2.339609;,
  15.374581;119.699520;5.521351;,
  13.548398;120.382822;7.873274;,
  11.124275;120.999475;9.733677;,
  11.258630;117.922688;9.208455;,
  13.715930;117.448922;7.249750;,
  11.501041;115.070272;9.042380;,
  14.019128;114.726733;6.972268;,
  15.586216;116.833037;4.817529;,
  8.574622;118.259226;10.586946;,
  8.762562;115.293517;10.391993;,
  9.075733;112.715827;10.516170;,
  11.869312;112.576947;9.089866;,
  9.537260;110.128077;10.911256;,
  12.375877;110.054835;9.343874;,
  5.900071;121.792141;11.900990;,
  6.009663;118.475776;11.176409;,
  6.153535;115.411187;11.012984;,
  6.397034;112.761664;11.178629;,
  6.787955;110.117914;11.694773;,
  1.779459;118.589786;11.916178;,
  0.134722;115.309466;11.716637;,
  3.987452;112.739430;11.501961;,
  0.233680;112.652864;11.671193;,
  -3.507717;112.777792;12.000498;,
  -3.492660;110.075994;12.532793;,
  -5.935311;112.797440;11.995129;,
  -5.998504;110.138099;12.512865;,
  -8.668274;112.727475;11.639270;,
  -8.809143;110.137203;12.050341;,
  -11.586688;112.559642;10.568770;,
  -9.019790;107.169683;12.807604;,
  -11.789344;110.020390;10.841590;,
  -6.131732;107.098266;13.444720;,
  -3.534848;106.944723;13.554734;,
  0.392420;110.006016;12.141281;,
  4.298636;110.064678;12.033665;,
  4.767702;106.943942;13.024034;,
  5.210822;103.881357;13.937502;,
  3.016888;101.038682;14.737547;,
  0.849571;103.499808;14.404005;,
  -3.554857;103.851590;14.505718;,
  -6.304393;104.060096;14.263195;,
  5.321610;99.549715;14.329389;,
  5.108494;98.780774;13.920114;,
  8.378802;99.126131;13.080063;,
  2.943008;99.315885;14.644582;,
  0.915410;100.890733;14.874942;,
  -1.186807;101.022470;15.016485;,
  -6.526488;101.483725;14.628384;,
  -9.304094;104.143066;13.414706;,
  0.914322;99.206586;14.747315;,
  -1.111757;99.302362;14.913606;,
  -3.523122;99.500403;14.895619;,
  2.759896;98.635846;14.124253;,
  0.878617;98.575251;14.140581;,
  -0.990713;98.624237;14.373082;,
  -3.357996;98.772179;14.477198;,
  -3.319327;97.739661;14.055413;,
  -0.955179;97.600749;13.738638;,
  0.825496;97.571258;13.350251;,
  2.650905;97.484045;13.541632;,
  5.024796;97.626861;13.545832;,
  8.473654;98.158003;12.727678;,
  -12.034861;107.093971;11.321237;,
  -12.331807;104.090080;11.650539;,
  -9.682541;101.616410;13.636730;,
  -6.683562;99.708192;14.536254;,
  -6.722861;99.062784;14.091699;,
  -6.857573;98.149734;13.732482;,
  -13.268219;99.725856;10.385229;,
  -13.601752;99.146675;9.682243;,
  -10.607758;98.660781;12.402564;,
  -10.289204;99.417939;12.846710;,
  -10.030811;99.922330;13.453157;,
  -12.687380;101.629152;11.689909;,
  -13.009722;100.060064;11.279362;,
  -15.484578;99.911859;7.857447;,
  -15.945816;99.722989;5.731738;,
  -15.426829;100.114592;8.820258;,
  -15.333261;101.575712;9.315783;,
  -15.155797;103.975430;9.387666;,
  -14.916080;106.980314;9.249384;,
  -14.644824;109.891891;8.882050;,
  -17.372978;106.874470;6.987865;,
  -17.521590;103.889549;7.110278;,
  -17.405603;101.492851;7.076978;,
  -17.104686;100.020205;6.849750;,
  -16.770939;99.800691;6.478747;,
  -17.155850;99.710406;4.401012;,
  -18.025971;99.827891;4.336148;,
  -18.745869;101.307494;4.332498;,
  -19.124621;103.757210;4.286649;,
  -19.043770;106.720275;4.116599;,
  -17.046427;109.737178;6.620302;,
  -16.627494;112.016934;6.418010;,
  -18.120605;111.646618;3.462487;,
  -17.613350;113.757018;3.473508;,
  -18.663562;109.535194;3.760320;,
  -14.350426;112.352640;8.706659;,
  -16.251955;114.283392;6.465214;,
  -17.352582;116.440883;3.774809;,
  -16.091834;117.055130;6.827698;,
  -14.124966;114.808806;8.769575;,
  -14.060987;117.682765;9.111026;,
  -16.193446;120.267174;7.505158;,
  -14.249522;120.955866;9.733534;,
  -16.413790;123.726464;8.185535;,
  -14.631856;124.429338;10.379198;,
  -11.452129;115.133453;10.572696;,
  -11.454100;118.130355;10.839342;,
  -11.677898;121.494784;11.399178;,
  -12.121058;125.035802;12.010003;,
  -15.180626;128.098714;10.745117;,
  -12.722674;128.775258;12.394158;,
  -9.263060;125.456230;13.047670;,
  -9.765575;129.259597;13.409574;,
  -16.817059;127.197286;8.691000;,
  -16.482906;129.997773;7.636405;,
  -15.398467;131.261338;9.940334;,
  -13.150678;132.401702;11.882582;,
  -10.226709;133.286208;13.146310;,
  -6.885145;129.488627;13.948539;,
  -7.099739;133.682944;13.673906;,
  -16.620213;131.672000;7.070294;,
  -16.449749;134.123738;9.384950;,
  -13.993984;135.991258;11.360100;,
  -10.724255;137.175654;12.449869;,
  -7.363513;137.717517;12.883802;,
  -0.296087;138.179597;13.193911;,
  -17.209834;138.089830;9.850443;,
  -14.563099;139.651456;10.808682;,
  -17.739670;142.363622;9.770478;,
  1.856341;141.814195;11.711496;,
  -0.042585;141.441434;12.022742;,
  -2.217466;141.977971;11.930826;,
  -7.793958;141.375834;11.680442;,
  -11.276866;140.731059;11.447501;,
  -14.764907;142.952550;10.356697;,
  -14.081904;145.285158;9.987791;,
  -2.257280;145.281178;10.393894;,
  -11.658090;143.870758;10.484164;,
  -8.150498;144.546086;10.415448;,
  -11.524484;146.370240;9.656189;,
  -8.096086;147.133670;9.182509;,
  -4.800334;144.980954;10.319385;,
  -4.662202;147.641011;8.774798;,
  -8.282622;149.132787;7.685278;,
  -11.783730;148.204467;8.753921;,
  -14.939750;146.304717;9.449678;,
  -18.929862;145.232691;8.507938;,
  -15.526662;148.352998;8.033539;,
  -12.608710;149.900416;7.244131;,
  -9.610421;150.356992;6.732565;,
  -15.936461;150.241421;5.734494;,
  -12.620686;151.622656;4.993961;,
  -8.154566;151.355955;5.167946;,
  -4.779979;150.171277;6.887854;,
  -2.117136;148.036570;8.743610;,
  -6.555045;152.806554;3.617234;,
  -8.932174;152.837389;1.983360;,
  -6.904757;153.723021;0.901748;,
  2.545219;147.762906;8.756281;,
  0.160951;147.991475;8.917978;,
  -0.055296;145.365722;10.435247;,
  -1.893685;150.279450;7.149269;,
  -3.744154;152.630784;4.686170;,
  -5.223506;154.055936;2.274027;,
  -6.246673;153.962893;0.422724;,
  -3.183555;154.179520;3.131455;,
  -1.610625;152.516326;5.272624;,
  0.133130;150.359309;7.308822;,
  2.349138;150.171034;7.244967;,
  5.508103;149.774899;6.542160;,
  5.365176;147.250675;8.400160;,
  2.303194;145.105382;10.226546;,
  5.075453;144.599706;9.822030;,
  8.871906;146.707277;7.870756;,
  9.136002;148.713958;6.431358;,
  8.665706;144.239949;9.301427;,
  12.260725;146.126438;7.362758;,
  12.477662;148.122304;5.889274;,
  9.959240;150.003802;4.840170;,
  15.118147;145.423373;7.010143;,
  16.071283;146.574733;5.805834;,
  16.459678;148.710950;3.741043;,
  13.022480;150.056102;4.009450;,
  13.338298;151.766515;1.904346;,
  16.288861;150.354880;1.324602;,
  19.680568;145.762406;3.662590;,
  19.788264;147.864666;1.194497;,
  8.575402;150.892275;4.111404;,
  8.866278;152.314163;0.949589;,
  6.827026;152.350003;3.002031;,
  6.523970;153.253235;0.404822;,
  5.229026;153.611891;2.039279;,
  6.192924;153.492403;0.012448;,
  5.142872;154.026867;1.391281;,
  5.461266;154.331059;0.998385;,
  3.859270;154.728998;1.866934;,
  5.659426;155.340518;0.543061;,
  6.558066;153.752576;-0.280009;,
  6.841758;154.709683;-0.679222;,
  6.973758;155.682266;-1.052230;,
  5.797107;156.682957;-0.179369;,
  6.965614;155.997824;-1.294928;,
  4.146145;156.885824;0.850199;,
  4.150500;157.217869;0.538902;,
  2.262610;157.259802;1.311709;,
  2.277832;157.597402;0.989830;,
  0.286602;157.786970;1.172197;,
  0.075760;155.233280;2.566837;,
  -1.718128;157.396288;1.423973;,
  -1.569577;155.196032;2.397103;,
  -3.601539;157.140186;1.103414;,
  2.031755;155.060672;2.362818;,
  1.678977;154.207859;3.755473;,
  -0.181657;154.434317;3.889196;,
  -1.365776;154.280064;3.581323;,
  3.488079;153.875021;3.181296;,
  4.217718;152.285824;4.608774;,
  14.993498;134.302029;-7.719807;,
  15.701307;134.806157;-7.913835;,
  14.976013;132.893478;-6.892190;,
  14.809530;131.736269;-6.067564;,
  16.781250;137.482803;-8.585482;,
  15.796426;138.845312;-8.586476;,
  18.233080;140.194803;-8.390442;,
  16.770240;142.566259;-8.257074;,
  19.871064;142.394048;-6.979628;,
  17.777614;145.489446;-6.758751;,
  21.247067;143.879898;-4.725068;,
  18.609925;147.507328;-4.452782;,
  19.312061;148.386893;-1.652501;,
  22.138779;144.356506;-1.957522;,
  22.466610;143.485850;0.829733;,
  23.856290;139.692275;-2.298813;,
  22.953285;139.482086;-4.932670;,
  21.338875;138.462515;-7.041558;,
  19.788264;147.864666;1.194497;,
  24.298416;135.019802;-4.987942;,
  25.188130;135.215744;-2.540017;,
  23.970226;139.008806;0.406296;,
  21.807826;141.790861;3.299343;,
  26.177866;131.271373;-3.161687;,
  25.293957;134.931661;-0.168012;,
  23.236202;137.826010;2.772244;,
  20.443584;139.412262;5.331500;,
  21.760542;136.198528;4.584155;,
  18.494021;136.356006;6.491270;,
  23.155523;133.000717;3.755940;,
  19.672878;134.242458;5.529210;,
  21.037187;131.487834;4.766331;,
  22.443942;128.594906;4.221025;,
  23.329659;125.815654;4.045474;,
  18.665182;129.906880;4.982679;,
  20.055445;127.214298;4.581251;,
  20.878525;124.558259;4.352632;,
  21.249014;121.935053;4.077186;,
  22.015162;118.856653;3.635412;,
  22.859930;115.368755;2.331011;,
  18.631592;123.302925;3.462522;,
  19.219310;120.708531;2.993214;,
  20.455723;117.632282;2.822657;,
  21.093835;114.975398;2.009655;,
  22.072347;112.865216;-0.371763;,
  20.299966;113.466534;0.217333;,
  20.598710;111.921523;-2.481853;,
  18.988955;112.753613;-1.524758;,
  19.896843;115.353242;1.218668;,
  19.139938;114.550144;0.212078;,
  19.498573;117.139110;1.505716;,
  18.002048;119.875136;1.078126;,
  17.090794;122.500250;1.689232;,
  15.854434;125.130547;1.894473;,
  17.570338;125.908032;3.702787;,
  18.056109;114.252646;-1.058113;,
  17.611587;112.292416;-3.084321;,
  16.685776;113.813030;-2.536515;,
  16.239517;111.527539;-4.859787;,
  15.299942;112.971149;-4.265648;,
  13.846550;112.132006;-6.485666;,
  14.705781;110.648218;-7.039748;,
  12.426132;111.463309;-8.878246;,
  17.761834;110.752934;-5.994162;,
  16.155914;109.836403;-8.106864;,
  13.170730;109.911091;-9.364510;,
  17.862725;109.741440;-9.426289;,
  14.570862;109.068493;-10.346524;,
  11.732292;109.731930;-11.642104;,
  16.285653;109.024102;-11.672599;,
  13.055839;108.916416;-12.607270;,
  10.720604;109.859814;-13.445698;,
  11.958458;109.098829;-14.388115;,
  10.427551;110.019686;-14.318512;,
  11.047531;111.237158;-11.175134;,
  10.074997;111.256742;-12.967659;,
  9.814972;111.299853;-13.859448;,
  9.694077;111.291866;-14.645725;,
  -25.775699;117.821491;-16.166357;,
  -25.212618;119.603213;-16.109414;,
  -24.095402;117.763098;-18.244483;,
  -27.232694;117.840307;-13.773715;,
  -28.228723;120.137126;-11.667662;,
  -28.561584;118.247987;-11.541418;,
  -25.940773;121.350528;-13.528126;,
  -27.537187;121.770406;-11.227876;,
  -22.670310;117.340045;-19.651365;,
  -23.523414;119.460544;-18.086176;,
  -24.273157;121.185421;-15.615442;,
  -23.134422;122.312346;-14.696862;,
  -24.750098;122.527373;-12.690146;,
  -26.409754;122.846861;-10.438548;,
  -28.509811;123.137395;-8.171422;,
  -21.579630;121.954304;-16.582509;,
  -22.605397;120.936166;-17.524995;,
  -20.370653;122.350630;-15.457117;,
  -21.819445;122.777293;-13.558218;,
  -23.349787;123.068582;-11.604270;,
  -24.909819;123.353062;-9.501650;,
  -26.942125;123.435814;-7.785837;,
  -21.498382;120.356237;-19.041128;,
  -22.256085;118.943040;-19.528291;,
  -20.607885;121.403750;-18.171104;,
  -19.512066;121.851366;-17.117382;,
  -18.799126;120.966374;-18.555014;,
  -19.693115;120.504179;-19.442568;,
  -20.376750;119.535808;-20.166429;,
  -21.013522;118.295411;-20.541016;,
  -18.003891;118.779776;-22.794664;,
  -18.737618;117.554035;-22.929461;,
  -17.957824;118.006822;-23.016275;,
  -18.318330;117.254118;-23.143067;,
  -18.957253;116.197376;-23.172274;,
  -21.312472;116.911539;-20.628986;,
  -17.836189;113.831667;-22.044445;,
  -17.840613;113.470426;-21.686912;,
  -18.588379;114.075354;-22.367418;,
  -18.354157;114.236941;-22.474888;,
  -18.662635;114.986778;-22.881088;,
  -19.006264;115.038336;-22.808298;,
  -18.764565;115.678848;-23.099094;,
  -21.192093;115.593638;-20.394098;,
  -22.588920;115.785075;-19.376358;,
  -18.354157;114.236941;-22.474888;,
  -18.117475;114.272384;-22.113267;,
  -17.836189;113.831667;-22.044445;,
  -18.450038;115.520666;-22.998571;,
  -18.388512;116.152666;-23.228978;,
  -18.236787;116.656269;-23.272338;,
  -18.078829;116.979917;-23.219197;,
  -17.803288;117.423411;-23.113147;,
  -17.396992;117.998746;-22.899365;,
  -16.644173;118.989414;-22.140362;,
  -17.555984;119.817126;-22.010293;,
  -16.836693;120.320896;-21.262269;,
  -15.941848;120.231181;-20.385920;,
  -17.794416;120.813658;-17.580475;,
  -16.336694;119.318579;-21.557392;,
  -16.532944;119.976934;-21.613674;,
  -15.789630;119.828211;-20.717264;,
  -15.898277;119.363200;-20.749435;,
  -15.664744;119.226931;-20.328670;,
  -15.379795;118.892122;-19.946808;,
  -15.213696;119.358182;-20.095269;,
  -15.149070;119.651110;-19.644442;,
  -16.894989;120.111795;-16.722894;,
  -18.345707;121.582003;-15.987738;,
  -15.223106;118.472934;-19.757662;,
  -14.923795;118.784026;-19.885706;,
  -14.770173;118.697203;-19.293536;,
  -14.851416;117.801472;-19.793797;,
  -15.152203;117.843584;-19.739077;,
  -15.206133;116.792986;-19.870078;,
  -16.317790;118.915968;-16.168486;,
  -16.676910;119.212493;-14.321101;,
  -16.082221;117.425037;-15.939842;,
  -17.315659;120.672640;-14.986994;,
  -15.514114;118.781466;-17.770266;,
  -14.710205;117.459546;-19.230002;,
  -15.030613;116.412723;-19.908931;,
  -18.147509;120.927066;-13.205074;,
  -15.360779;117.390387;-17.627256;,
  -14.888653;116.030502;-19.378910;,
  -15.544189;115.913562;-17.766472;,
  -16.279586;115.914483;-16.070152;,
  -16.429966;115.858867;-15.173090;,
  -15.463930;115.799373;-20.258442;,
  -15.326494;115.410278;-20.233018;,
  -15.356456;114.641779;-19.991077;,
  -16.105546;114.703462;-18.169298;,
  -16.900013;114.732122;-16.524546;,
  -17.131408;114.604710;-15.684013;,
  -17.539406;114.407014;-14.759579;,
  -19.775571;116.363354;-7.397921;,
  -20.780594;114.825741;-7.837878;,
  -19.001416;115.739878;-9.941844;,
  -20.028325;114.264781;-10.476450;,
  -17.908779;115.477389;-12.361615;,
  -18.895891;114.129536;-12.974717;,
  -16.727590;115.738483;-14.202040;,
  -16.452694;117.466867;-14.045995;,
  -17.408414;117.288128;-12.161832;,
  -17.545845;119.282317;-12.478954;,
  -19.444722;121.424218;-11.232887;,
  -18.740243;119.736986;-10.357188;,
  -20.798416;121.943104;-9.319343;,
  -20.938430;120.864832;-6.144407;,
  -22.077382;122.351437;-7.363091;,
  -19.167882;121.986688;-14.269131;,
  -20.537462;122.462566;-12.356394;,
  -21.997154;122.866138;-10.463404;,
  -23.394342;123.208269;-8.477642;,
  -25.334309;123.115955;-7.134659;,
  -28.258637;123.896205;-7.199126;,
  -26.599118;123.284275;-7.106585;,
  -26.570819;124.492288;-7.844072;,
  -24.804102;123.204762;-7.740694;,
  -23.373117;125.280909;-7.848462;,
  -21.710352;123.835981;-6.814070;,
  -20.148232;126.150029;-5.788142;,
  -20.470200;122.450227;-5.155350;,
  -22.143165;120.376346;-5.010736;,
  -23.236757;121.751194;-6.761619;,
  -25.195541;126.553613;-8.170357;,
  -21.720814;127.643315;-6.847357;,
  -18.758410;128.845478;-5.429464;,
  -17.400478;127.146099;-3.595612;,
  -17.535360;126.266854;-1.021012;,
  -16.508325;128.699149;-0.671631;,
  -16.786854;129.710630;-3.369034;,
  -17.821651;131.676531;-5.438226;,
  -20.505627;130.546650;-6.402988;,
  -19.271798;133.658458;-6.391443;,
  -22.111672;131.895718;-6.706004;,
  -21.014232;135.258432;-6.436975;,
  -16.357646;129.787776;0.321406;,
  -16.348736;131.337651;-3.386039;,
  -17.177029;133.718413;-5.322610;,
  -18.240707;135.992589;-6.170828;,
  -19.605557;138.204442;-6.200227;,
  -22.778122;136.518144;-5.633073;,
  -21.324898;139.782963;-5.002254;,
  -24.582814;137.421171;-3.929732;,
  -16.670477;133.516301;-4.763160;,
  -16.912565;134.980595;-5.392404;,
  -17.572765;137.135347;-5.906216;,
  -18.607362;139.965670;-5.596682;,
  -19.928834;142.507341;-4.301191;,
  -22.980378;140.953229;-2.983874;,
  -21.258875;144.180070;-2.131194;,
  -16.681717;136.197606;-5.931130;,
  -17.452389;140.797786;-5.562963;,
  -18.407994;144.177830;-4.077191;,
  -19.148194;146.633664;-1.816512;,
  -19.520630;148.170048;0.806287;,
  -22.156506;145.149107;0.493205;,
