xof 0303txt 0032
template ColorRGBA {
 <35ff44e0-6c7c-11cf-8f52-0040333594a3>
 FLOAT red;
 FLOAT green;
 FLOAT blue;
 FLOAT alpha;
}

template ColorRGB {
 <d3e16e81-7835-11cf-8f52-0040333594a3>
 FLOAT red;
 FLOAT green;
 FLOAT blue;
}

template Material {
 <3d82ab4d-62da-11cf-ab39-0020af71e433>
 ColorRGBA faceColor;
 FLOAT power;
 ColorRGB specularColor;
 ColorRGB emissiveColor;
 [...]
}

template TextureFilename {
 <a42790e1-7810-11cf-8f52-0040333594a3>
 STRING filename;
}

template Frame {
 <3d82ab46-62da-11cf-ab39-0020af71e433>
 [...]
}

template Matrix4x4 {
 <f6f23f45-7686-11cf-8f52-0040333594a3>
 array FLOAT matrix[16];
}

template FrameTransformMatrix {
 <f6f23f41-7686-11cf-8f52-0040333594a3>
 Matrix4x4 frameMatrix;
}

template Vector {
 <3d82ab5e-62da-11cf-ab39-0020af71e433>
 FLOAT x;
 FLOAT y;
 FLOAT z;
}

template MeshFace {
 <3d82ab5f-62da-11cf-ab39-0020af71e433>
 DWORD nFaceVertexIndices;
 array DWORD faceVertexIndices[nFaceVertexIndices];
}

template Mesh {
 <3d82ab44-62da-11cf-ab39-0020af71e433>
 DWORD nVertices;
 array Vector vertices[nVertices];
 DWORD nFaces;
 array MeshFace faces[nFaces];
 [...]
}

template MeshNormals {
 <f6f23f43-7686-11cf-8f52-0040333594a3>
 DWORD nNormals;
 array Vector normals[nNormals];
 DWORD nFaceNormals;
 array MeshFace faceNormals[nFaceNormals];
}

template MeshMaterialList {
 <f6f23f42-7686-11cf-8f52-0040333594a3>
 DWORD nMaterials;
 DWORD nFaceIndexes;
 array DWORD faceIndexes[nFaceIndexes];
 [Material <3d82ab4d-62da-11cf-ab39-0020af71e433>]
}

template Coords2d {
 <f6f23f44-7686-11cf-8f52-0040333594a3>
 FLOAT u;
 FLOAT v;
}

template MeshTextureCoords {
 <f6f23f40-7686-11cf-8f52-0040333594a3>
 DWORD nTextureCoords;
 array Coords2d textureCoords[nTextureCoords];
}

template XSkinMeshHeader {
 <3cf169ce-ff7c-44ab-93c0-f78f62d172e2>
 WORD nMaxSkinWeightsPerVertex;
 WORD nMaxSkinWeightsPerFace;
 WORD nBones;
}

template SkinWeights {
 <6f0d123b-bad2-4167-a0d0-80224f25fabb>
 STRING transformNodeName;
 DWORD nWeights;
 array DWORD vertexIndices[nWeights];
 array FLOAT weights[nWeights];
 Matrix4x4 matrixOffset;
}

template AnimTicksPerSecond {
 <9e415a43-7ba6-4a73-8743-b73d47e88476>
 DWORD AnimTicksPerSecond;
}

template Animation {
 <3d82ab4f-62da-11cf-ab39-0020af71e433>
 [...]
}

template AnimationSet {
 <3d82ab50-62da-11cf-ab39-0020af71e433>
 [Animation <3d82ab4f-62da-11cf-ab39-0020af71e433>]
}

template FloatKeys {
 <10dd46a9-775b-11cf-8f52-0040333594a3>
 DWORD nValues;
 array FLOAT values[nValues];
}

template TimedFloatKeys {
 <f406b180-7b3b-11cf-8f52-0040333594a3>
 DWORD time;
 FloatKeys tfkeys;
}

template AnimationKey {
 <10dd46a8-775b-11cf-8f52-0040333594a3>
 DWORD keyType;
 DWORD nKeys;
 array TimedFloatKeys keys[nKeys];
}


Material Mat_Brick_Body_Mati {
 1.000000;1.000000;1.000000;1.000000;;
 10.000000;
 0.000000;0.000000;0.000000;;
 0.000000;0.000000;0.000000;;

 TextureFilename {
  "Brick_ID1_Diff.tga";
 }
}

Material Mat_Brick_Head_Mati {
 1.000000;1.000000;1.000000;1.000000;;
 10.000000;
 0.000000;0.000000;0.000000;;
 0.000000;0.000000;0.000000;;

 TextureFilename {
  "Brick_ID2_Diff.tga";
 }
}

Frame Root {
 

 FrameTransformMatrix {
  1.000000,0.000000,0.000000,0.000000,0.000000,1.000000,0.000000,0.000000,0.000000,0.000000,1.000000,0.000000,0.000000,0.000000,0.000000,1.000000;;
 }

 Frame Hips {
  

  FrameTransformMatrix {
   0.000374,1.000000,-0.000732,0.000000,0.060186,0.000708,0.998187,0.000000,0.998187,-0.000417,-0.060185,0.000000,0.000000,100.141203,0.000000,1.000000;;
  }

  Frame L_Thigh {
   

   FrameTransformMatrix {
    -0.878668,0.305548,0.366857,0.000000,-0.265541,-0.951338,0.156349,0.000000,0.396777,0.039963,0.917045,0.000000,-0.000023,14.080766,0.000019,1.000000;;
   }

   Frame L_Shin {
    

    FrameTransformMatrix {
     0.477838,0.000000,-0.878448,0.000000,-0.000000,1.000000,0.000000,0.000000,0.878448,-0.000000,0.477838,0.000000,56.561760,-0.000011,0.000000,1.000000;;
    }

    Frame L_Foot {
     

     FrameTransformMatrix {
      0.770862,0.265045,0.579244,0.000000,-0.313966,0.949290,-0.016540,0.000000,-0.554254,-0.169113,0.814987,0.000000,45.897072,0.000000,0.000003,1.000000;;
     }

     Frame L_Toe {
      

      FrameTransformMatrix {
       -0.004745,0.000000,0.999989,0.000000,0.000000,1.000000,0.000000,0.000000,-0.999989,0.000000,-0.004745,0.000000,14.900957,-0.000008,17.100651,1.000000;;
      }
     }
    }
   }
  }

  Frame R_Thigh {
   

   FrameTransformMatrix {
    -0.843276,-0.341438,0.415098,0.000000,0.278616,-0.938128,-0.205644,0.000000,0.459630,-0.057762,0.886231,0.000000,0.000031,-14.080776,-0.000019,1.000000;;
   }

   Frame R_Shin {
    

    FrameTransformMatrix {
     0.474056,0.000000,-0.880495,0.000000,-0.000000,1.000000,0.000000,0.000000,0.880495,-0.000000,0.474056,0.000000,56.561773,0.000000,-0.000011,1.000000;;
    }

    Frame R_Foot {
     

     FrameTransformMatrix {
      0.815079,-0.252784,0.521294,0.000000,0.311774,0.949775,-0.026919,0.000000,-0.488307,0.184467,0.852953,0.000000,45.897088,0.000008,-0.000005,1.000000;;
     }

     Frame R_Toe {
      

      FrameTransformMatrix {
       0.016261,-0.003561,0.999861,0.000000,0.021330,0.999767,0.003213,0.000000,-0.999640,0.021275,0.016333,0.000000,14.900957,0.000000,17.100646,1.000000;;
      }
     }
    }
   }
  }

  Frame Spine1 {
   

   FrameTransformMatrix {
    0.923856,0.093992,0.371021,0.000000,-0.099573,0.995022,-0.004131,0.000000,-0.369562,-0.033127,0.928616,0.000000,15.705186,0.000476,-2.992959,1.000000;;
   }

   Frame Spine2 {
    

    FrameTransformMatrix {
     0.993274,0.000166,-0.115788,0.000000,0.000166,0.999996,0.002850,0.000000,0.115788,-0.002850,0.993270,0.000000,17.148728,0.000037,-0.015678,1.000000;;
    }

    Frame Spine3 {
     

     FrameTransformMatrix {
      0.959552,0.011870,0.281282,0.000000,-0.044729,0.992848,0.110688,0.000000,-0.277956,-0.118792,0.953220,0.000000,19.828362,0.002667,-0.021544,1.000000;;
     }

     Frame Neck {
      

      FrameTransformMatrix {
       0.864039,-0.010781,0.503310,0.000000,-0.004312,0.999576,0.028815,0.000000,-0.503408,-0.027067,0.863625,0.000000,25.973267,-0.056055,2.398331,1.000000;;
      }

      Frame Head {
       

       FrameTransformMatrix {
        0.574021,-0.195076,-0.795264,0.000000,0.010377,0.972863,-0.231150,0.000000,0.818775,0.124432,0.560468,0.000000,9.437241,0.056221,2.437103,1.000000;;
       }

       Frame FaceBaseBone {
        

        FrameTransformMatrix {
         0.999924,-0.000001,-0.012321,0.000000,0.000001,1.000000,-0.000005,0.000000,0.012321,0.000005,0.999924,0.000000,3.967834,0.000046,11.021116,1.000000;;
        }

        Frame Jaw {
         

         FrameTransformMatrix {
          1.000000,-0.000000,0.000000,0.000000,0.000000,1.000000,-0.000000,0.000000,-0.000000,0.000000,1.000000,0.000000,-3.236588,0.000011,-3.655480,1.000000;;
         }

         Frame LowerLip {
          

          FrameTransformMatrix {
           0.012914,0.000001,0.999917,0.000000,-0.999917,-0.000002,0.012914,0.000000,0.000002,-1.000000,0.000001,0.000000,-1.344574,-0.001829,9.379722,1.000000;;
          }
         }

         Frame lLowerLip {
          

          FrameTransformMatrix {
           -0.129897,0.325950,0.936421,0.000000,-0.989652,0.015433,-0.142654,0.000000,-0.060949,-0.945261,0.320573,0.000000,-1.298737,1.680258,9.033398,1.000000;;
          }
         }

         Frame lLowerLipCorner {
          

          FrameTransformMatrix {
           -0.019840,0.407482,0.912998,0.000000,-0.999588,0.010876,-0.026576,0.000000,-0.020759,-0.913149,0.407098,0.000000,-1.245041,3.379734,8.216634,1.000000;;
          }
         }

         Frame LowerLipFold {
          

          FrameTransformMatrix {
           0.169156,0.000001,0.985589,0.000000,0.985589,0.000001,-0.169156,0.000000,-0.000001,1.000000,-0.000001,0.000000,-3.327988,-0.000080,9.375652,1.000000;;
          }
         }

         Frame lLowerMouthFold {
          

          FrameTransformMatrix {
           -0.140678,0.317409,0.937796,0.000000,0.984660,-0.053897,0.165950,0.000000,0.103218,0.946756,-0.304958,0.000000,-3.023010,2.756144,8.627968,1.000000;;
          }
         }

         Frame rLowerLip {
          

          FrameTransformMatrix {
           -0.129897,-0.325952,0.936420,0.000000,0.989652,0.015436,0.142654,0.000000,-0.060952,0.945260,0.320574,0.000000,-1.298752,-1.680263,9.033402,1.000000;;
          }
         }

         Frame rLowerLipCorner {
          

          FrameTransformMatrix {
           -0.019843,-0.407482,0.912997,0.000000,0.999587,0.010876,0.026579,0.000000,-0.020760,0.913148,0.407099,0.000000,-1.245102,-3.379749,8.216650,1.000000;;
          }
         }

         Frame rLowerMouthFold {
          

          FrameTransformMatrix {
           -0.140674,-0.317409,0.937797,0.000000,-0.984661,-0.053900,-0.165947,0.000000,0.103220,-0.946756,-0.304958,0.000000,-3.023071,-2.755960,8.627949,1.000000;;
          }
         }
        }

        Frame lNasalLabiaFold {
         

         FrameTransformMatrix {
          -0.248569,0.463962,0.850266,0.000000,0.602373,0.761466,-0.239407,0.000000,-0.758525,0.452668,-0.468756,0.000000,-1.974594,4.934638,4.072750,1.000000;;
         }
        }

        Frame lMouthCorner {
         

         FrameTransformMatrix {
          -0.021713,0.783644,0.620831,0.000000,-0.019369,0.620531,-0.783943,0.000000,-0.999577,-0.029047,0.001705,0.000000,-4.578674,4.489684,3.711609,1.000000;;
         }
        }

        Frame lUpperLip {
         

         FrameTransformMatrix {
          -0.028091,0.003097,0.999601,0.000000,0.999354,-0.022348,0.028153,0.000000,0.022427,0.999746,-0.002467,0.000000,-4.174042,1.531520,5.480072,1.000000;;
         }
        }

        Frame Upperlip {
         

         FrameTransformMatrix {
          0.026379,0.000000,0.999652,0.000000,0.999652,0.000001,-0.026379,0.000000,-0.000001,1.000000,-0.000000,0.000000,-4.187470,-0.001805,5.736588,1.000000;;
         }
        }

        Frame lUpperLipCorner {
         

         FrameTransformMatrix {
          -0.049743,0.465741,0.883522,0.000000,0.998749,0.018735,0.046355,0.000000,0.005037,0.884723,-0.466091,0.000000,-3.897720,3.385535,4.664806,1.000000;;
         }
        }

        Frame lLowerLabiFold {
         

         FrameTransformMatrix {
          -0.202953,0.339278,0.918532,0.000000,-0.283533,0.877505,-0.386772,0.000000,-0.937240,-0.338931,-0.081896,0.000000,-5.591766,5.822664,2.710608,1.000000;;
         }
        }

        Frame UpperLipFold {
         

         FrameTransformMatrix {
          -0.088680,-0.000000,0.996061,0.000000,0.996060,0.000001,0.088680,0.000000,-0.000001,1.000000,0.000000,0.000000,-2.731888,-0.004123,6.135601,1.000000;;
         }
        }

        Frame lSneer {
         

         FrameTransformMatrix {
          -0.039840,0.371747,0.927479,0.000000,0.997701,0.065729,0.016512,0.000000,-0.054824,0.926004,-0.373510,0.000000,-2.544907,2.823662,5.646843,1.000000;;
         }
        }

        Frame lCheekBone {
         

         FrameTransformMatrix {
          -0.131706,0.327361,0.935675,0.000000,0.964173,-0.176956,0.197628,0.000000,0.230269,0.928182,-0.292327,0.000000,1.383041,5.172269,4.320078,1.000000;;
         }
        }

        Frame lCheek {
         

         FrameTransformMatrix {
          -0.211472,0.898171,0.385446,0.000000,-0.106264,-0.413155,0.904440,0.000000,0.971590,0.150305,0.182814,0.000000,-4.322525,7.507142,0.286325,1.000000;;
         }
        }

        Frame lNasalFlare {
         

         FrameTransformMatrix {
          0.074609,-0.805952,0.587260,0.000000,0.981963,-0.043218,-0.184066,0.000000,0.173729,0.590401,0.788191,0.000000,-0.606552,2.308295,5.569492,1.000000;;
         }
        }

        Frame lLowerInsideEyelid {
         

         FrameTransformMatrix {
          -0.405514,0.049146,0.912767,0.000000,0.913939,0.039932,0.403884,0.000000,-0.016599,0.997993,-0.061109,0.000000,4.128036,4.247320,4.026098,1.000000;;
         }
        }

        Frame lLowerOutsideEyelid {
         

         FrameTransformMatrix {
          -0.258221,0.445089,0.857449,0.000000,0.948001,-0.054189,0.313619,0.000000,0.186053,0.893845,-0.407952,0.000000,4.260346,5.654134,3.627686,1.000000;;
         }
        }

        Frame lUpperInsideEylid {
         

         FrameTransformMatrix {
          0.194257,-0.169397,0.966214,0.000000,-0.974121,0.082722,0.210349,0.000000,-0.115560,-0.982070,-0.148944,0.000000,5.199860,3.960561,4.484711,1.000000;;
         }
        }

        Frame lUpperOutsideEyelid {
         

         FrameTransformMatrix {
          0.145466,0.438577,0.886843,0.000000,-0.988109,0.019279,0.152542,0.000000,0.049804,-0.898487,0.436166,0.000000,5.352951,5.923891,3.892445,1.000000;;
         }
        }

        Frame lEye {
         

         FrameTransformMatrix {
          -0.084938,0.067731,0.994082,0.000000,0.996385,0.007180,0.084645,0.000000,-0.001405,0.997678,-0.068096,0.000000,4.921890,4.585213,2.765158,1.000000;;
         }
        }

        Frame lInnerBrow {
         

         FrameTransformMatrix {
          -0.123264,0.255701,0.958866,0.000000,0.973833,-0.154734,0.166451,0.000000,0.190931,0.954292,-0.229937,0.000000,5.610977,2.943067,5.833530,1.000000;;
         }
        }

        Frame lBrow {
         

         FrameTransformMatrix {
          0.157910,0.465581,0.870804,0.000000,0.967797,-0.248054,-0.042875,0.000000,0.196044,0.849531,-0.489758,0.000000,6.593155,5.305629,5.070682,1.000000;;
         }
        }

        Frame lOuterBrow {
         

         FrameTransformMatrix {
          0.103604,0.664485,0.740086,0.000000,0.985907,0.029658,-0.164645,0.000000,-0.131354,0.746713,-0.652048,0.000000,6.551605,7.575934,3.688320,1.000000;;
         }
        }

        Frame lCrowfeet {
         

         FrameTransformMatrix {
          0.039521,0.345442,0.937608,0.000000,-0.077960,-0.934414,0.347552,0.000000,0.996173,-0.086831,-0.009998,0.000000,4.846146,6.825170,3.096952,1.000000;;
         }
        }

        Frame lForeHead {
         

         FrameTransformMatrix {
          0.185521,0.319884,0.929116,0.000000,0.976445,0.045995,-0.210807,0.000000,-0.110168,0.946340,-0.303816,0.000000,11.458542,3.965489,4.265678,1.000000;;
         }
        }

        Frame Nose {
         

         FrameTransformMatrix {
          -0.002757,-0.000001,0.999996,0.000000,0.999996,0.000002,0.002757,0.000000,-0.000002,1.000000,0.000001,0.000000,-1.035599,-0.000503,7.509258,1.000000;;
         }
        }

        Frame rEye {
         

         FrameTransformMatrix {
          -0.084876,-0.059997,0.994584,0.000000,-0.996391,0.006528,-0.084637,0.000000,-0.001415,-0.998178,-0.060335,0.000000,4.921936,-4.490982,2.765169,1.000000;;
         }
        }

        Frame rNasalLabiaFold {
         

         FrameTransformMatrix {
          -0.248565,-0.463960,0.850269,0.000000,-0.602376,0.761464,0.239406,0.000000,-0.758524,-0.452674,-0.468752,0.000000,-1.974518,-4.934563,4.072771,1.000000;;
         }
        }

        Frame rMouthCorner {
         

         FrameTransformMatrix {
          -0.021712,-0.783644,0.620831,0.000000,0.019367,0.620531,0.783943,0.000000,-0.999577,0.029045,0.001704,0.000000,-4.578613,-4.489705,3.711638,1.000000;;
         }
        }

        Frame rUpperLip {
         

         FrameTransformMatrix {
          -0.028095,-0.003092,0.999601,0.000000,-0.999354,-0.022350,-0.028157,0.000000,0.022428,-0.999745,-0.002462,0.000000,-4.173981,-1.531495,5.480076,1.000000;;
         }
        }

        Frame rUpperLipCorner {
         

         FrameTransformMatrix {
          -0.049743,-0.465741,0.883522,0.000000,-0.998749,0.018732,-0.046356,0.000000,0.005039,-0.884723,-0.466090,0.000000,-3.994415,-3.383745,4.660297,1.000000;;
         }
        }

        Frame rLowerLabiFold {
         

         FrameTransformMatrix {
          -0.202953,-0.339280,0.918531,0.000000,0.283532,0.877506,0.386773,0.000000,-0.937241,0.338929,-0.081896,0.000000,-5.591705,-5.822660,2.710611,1.000000;;
         }
        }

        Frame rSneer {
         

         FrameTransformMatrix {
          -0.039836,-0.371744,0.927480,0.000000,-0.997701,0.065725,-0.016509,0.000000,-0.054821,-0.926006,-0.373508,0.000000,-2.544937,-2.823629,5.646866,1.000000;;
         }
        }

        Frame rCheekBone {
         

         FrameTransformMatrix {
          -0.131706,-0.327360,0.935676,0.000000,-0.964172,-0.176959,-0.197629,0.000000,0.230272,-0.928182,-0.292325,0.000000,1.383148,-5.172266,4.320101,1.000000;;
         }
        }

        Frame rCheek {
         

         FrameTransformMatrix {
          -0.211467,-0.898171,0.385450,0.000000,0.106265,-0.413158,-0.904438,0.000000,0.971591,-0.150299,0.182814,0.000000,-4.322494,-7.507105,0.286377,1.000000;;
         }
        }

        Frame rNasalFlare {
         

         FrameTransformMatrix {
          0.074604,0.805954,0.587258,0.000000,-0.981963,-0.043223,0.184066,0.000000,0.173732,-0.590398,0.788192,0.000000,-0.606415,-2.308323,5.569515,1.000000;;
         }
        }

        Frame rLowerInsideEyelid {
         

         FrameTransformMatrix {
          -0.405514,-0.049147,0.912767,0.000000,-0.913939,0.039929,-0.403884,0.000000,-0.016596,-0.997993,-0.061110,0.000000,4.127991,-4.247290,4.026094,1.000000;;
         }
        }

        Frame rLowerOutsideEyelid {
         

         FrameTransformMatrix {
          -0.258220,-0.445089,0.857449,0.000000,-0.948001,-0.054191,-0.313619,0.000000,0.186054,-0.893845,-0.407952,0.000000,4.260346,-5.654075,3.627699,1.000000;;
         }
        }

        Frame rUpperInsideEylid {
         

         FrameTransformMatrix {
          0.194256,0.169397,0.966214,0.000000,0.974120,0.082724,-0.210349,0.000000,-0.115561,0.982070,-0.148943,0.000000,5.199875,-3.960564,4.484701,1.000000;;
         }
        }

        Frame rUpperOutsideEyelid {
         

         FrameTransformMatrix {
          0.145466,-0.438577,0.886843,0.000000,0.988109,0.019281,-0.152542,0.000000,0.049802,0.898487,0.436167,0.000000,5.353012,-5.923884,3.892458,1.000000;;
         }
        }

        Frame rInnerBrow {
         

         FrameTransformMatrix {
          -0.123260,-0.255702,0.958866,0.000000,-0.973834,-0.154737,-0.166448,0.000000,0.190933,-0.954292,-0.229938,0.000000,5.611023,-2.942970,5.833534,1.000000;;
         }
        }

        Frame rBrow {
         

         FrameTransformMatrix {
          0.157914,-0.465581,0.870803,0.000000,-0.967796,-0.248057,0.042877,0.000000,0.196046,-0.849531,-0.489759,0.000000,6.593216,-5.305598,5.070667,1.000000;;
         }
        }

        Frame rOuterBrow {
         

         FrameTransformMatrix {
          0.103604,-0.664481,0.740088,0.000000,-0.985907,0.029658,0.164645,0.000000,-0.131353,-0.746716,-0.652044,0.000000,6.551620,-7.575809,3.688334,1.000000;;
         }
        }

        Frame rCrowfeet {
         

         FrameTransformMatrix {
          0.039521,-0.345438,0.937609,0.000000,0.077963,-0.934415,-0.347548,0.000000,0.996173,0.086834,-0.009998,0.000000,4.846176,-6.825055,3.096939,1.000000;;
         }
        }

        Frame rForeHead {
         

         FrameTransformMatrix {
          0.185521,-0.319882,0.929117,0.000000,-0.976445,0.045993,0.210806,0.000000,-0.110166,-0.946340,-0.303815,0.000000,11.458481,-3.965468,4.265680,1.000000;;
         }
        }

        Frame ToungeBase {
         

         FrameTransformMatrix {
          -0.000001,1.000000,0.000000,0.000000,0.330620,0.000000,0.943764,0.000000,0.943764,0.000001,-0.330620,0.000000,-4.624603,0.000014,-2.828791,1.000000;;
         }

         Frame Tounge01 {
          

          FrameTransformMatrix {
           1.000000,-0.000000,0.000000,0.000000,0.000000,0.951375,-0.308034,0.000000,-0.000000,0.308034,0.951375,0.000000,0.000004,3.037621,-0.382950,1.000000;;
          }

          Frame Tounge02 {
           

           FrameTransformMatrix {
            1.000000,0.000000,-0.000000,0.000000,-0.000000,0.988553,-0.150877,0.000000,0.000000,0.150877,0.988553,0.000000,-0.000004,1.828602,-0.157806,1.000000;;
           }

           Frame Tounge03 {
            

            FrameTransformMatrix {
             1.000000,-0.000001,-0.000000,0.000000,0.000000,0.997408,0.071962,0.000000,-0.000000,-0.071962,0.997407,0.000000,0.000000,1.213173,-0.255554,1.000000;;
            }
           }
          }
         }
        }
       }
      }
     }

     Frame L_Clav {
      

      FrameTransformMatrix {
       -0.221684,0.975117,0.001527,0.000000,0.975117,0.221686,-0.001219,0.000000,-0.001527,0.001219,-0.999998,0.000000,13.270691,9.447575,2.534973,1.000000;;
      }

      Frame L_Upperarm {
       

       FrameTransformMatrix {
        0.756424,-0.645786,0.103841,0.000000,0.590178,0.742308,0.317285,0.000000,-0.281980,-0.178717,0.942628,0.000000,26.076301,0.000000,0.000008,1.000000;;
       }

       Frame L_Forearm {
        

        FrameTransformMatrix {
         0.265202,0.000000,-0.964193,0.000000,0.000000,1.000000,-0.000000,0.000000,0.964193,-0.000000,0.265202,0.000000,26.638496,0.000000,-0.000004,1.000000;;
        }

        Frame L_Hand {
         

         FrameTransformMatrix {
          0.977253,-0.142636,-0.156943,0.000000,0.168889,0.075845,0.982713,0.000000,-0.128267,-0.986865,0.098209,0.000000,33.836445,0.000008,0.000008,1.000000;;
         }

         Frame L_Weapon_Bone {
          

          FrameTransformMatrix {
           0.998224,-0.055147,-0.022548,0.000000,-0.053835,-0.997026,0.055149,0.000000,-0.025522,-0.053838,-0.998223,0.000000,6.152000,0.000004,4.349991,1.000000;;
          }
         }

         Frame lThumb01 {
          

          FrameTransformMatrix {
           0.791163,-0.263715,0.551830,0.000000,0.529503,-0.156207,-0.833802,0.000000,0.306086,0.951869,0.016053,0.000000,3.331615,-5.460613,3.029663,1.000000;;
          }

          Frame lThumb02 {
           

           FrameTransformMatrix {
            0.845378,0.100364,0.524655,0.000000,-0.085223,0.994951,-0.053010,0.000000,-0.527326,0.000101,0.849663,0.000000,7.652946,0.000008,0.000008,1.000000;;
           }

           Frame lThumb03 {
            

            FrameTransformMatrix {
             0.718726,0.000000,0.695294,0.000000,0.000000,1.000000,-0.000000,0.000000,-0.695294,0.000000,0.718726,0.000000,4.761650,0.000000,0.000006,1.000000;;
            }
           }
          }
         }

         Frame lIndex01 {
          

          FrameTransformMatrix {
           0.279924,0.211729,0.936383,0.000000,0.151415,0.953432,-0.260848,0.000000,-0.948007,0.214800,0.234829,0.000000,15.057549,-6.733871,0.381020,1.000000;;
          }

          Frame lIndex02 {
           

           FrameTransformMatrix {
            -0.339511,0.000000,0.940602,0.000000,0.000000,1.000000,-0.000000,0.000000,-0.940602,0.000000,-0.339511,0.000000,6.478958,-0.000008,-0.000010,1.000000;;
           }

           Frame lIndex03 {
            

            FrameTransformMatrix {
             0.209827,0.000000,0.977739,0.000000,-0.000000,1.000000,0.000000,0.000000,-0.977739,-0.000000,0.209827,0.000000,4.726509,0.000000,0.000000,1.000000;;
            }
           }
          }
         }

         Frame lMiddle01 {
          

          FrameTransformMatrix {
           0.329095,-0.005083,0.944283,0.000000,0.014246,0.999899,0.000417,0.000000,-0.944189,0.013315,0.329134,0.000000,15.787144,-1.898087,-0.833969,1.000000;;
          }

          Frame lMiddle02 {
           

           FrameTransformMatrix {
            -0.284986,-0.000000,0.958532,0.000000,0.000000,1.000000,0.000000,0.000000,-0.958532,-0.000000,-0.284986,0.000000,7.345093,-0.000008,0.000004,1.000000;;
           }

           Frame lMiddle03 {
            

            FrameTransformMatrix {
             0.179599,0.000000,0.983740,0.000000,0.000000,1.000000,0.000000,0.000000,-0.983740,0.000000,0.179599,0.000000,5.469002,-0.000011,-0.000008,1.000000;;
            }
           }
          }
         }

         Frame lRing01 {
          

          FrameTransformMatrix {
           0.396017,-0.182983,0.899827,0.000000,-0.147226,0.954613,0.258918,0.000000,-0.906364,-0.235014,0.351103,0.000000,15.693562,2.986214,-0.968063,1.000000;;
          }

          Frame lRing02 {
           

           FrameTransformMatrix {
            -0.238881,0.000000,0.971049,0.000000,0.000000,1.000000,-0.000000,0.000000,-0.971049,0.000000,-0.238881,0.000000,7.333420,0.000015,0.000015,1.000000;;
           }

           Frame lRing03 {
            

            FrameTransformMatrix {
             0.341356,0.000000,0.939934,0.000000,-0.000000,1.000000,0.000000,0.000000,-0.939934,0.000000,0.341356,0.000000,4.098228,0.000000,-0.000015,1.000000;;
            }
           }
          }
         }

         Frame lPinkie01 {
          

          FrameTransformMatrix {
           -0.046132,-0.376725,0.925176,0.000000,-0.177678,0.914488,0.363514,0.000000,-0.983007,-0.147614,-0.109123,0.000000,14.513339,7.161655,0.317184,1.000000;;
          }

          Frame lPinkie02 {
           

           FrameTransformMatrix {
            -0.118879,-0.000000,0.992909,0.000000,0.000000,1.000000,-0.000000,0.000000,-0.992909,0.000000,-0.118879,0.000000,5.756172,-0.000015,0.000015,1.000000;;
           }

           Frame lPinkie03 {
            

            FrameTransformMatrix {
             0.165113,-0.000000,0.986275,0.000000,0.000000,1.000000,-0.000000,0.000000,-0.986275,0.000000,0.165113,0.000000,3.445568,0.000015,-0.000015,1.000000;;
            }
           }
          }
         }
        }

        Frame L_Forearm_Twist {
         

         FrameTransformMatrix {
          1.000000,0.000001,0.000051,0.000000,0.000001,0.998694,-0.051102,0.000000,-0.000051,0.051102,0.998694,0.000000,16.918229,0.000023,-0.000004,1.000000;;
         }
        }
       }
      }
     }

     Frame R_Clav {
      

      FrameTransformMatrix {
       -0.075824,-0.997120,0.001433,0.000000,-0.997120,0.075826,0.001328,0.000000,-0.001433,-0.001328,-0.999998,0.000000,13.270676,-9.447571,2.535027,1.000000;;
      }

      Frame R_Upperarm {
       

       FrameTransformMatrix {
        0.495610,0.716104,0.491494,0.000000,-0.783470,0.612852,-0.102892,0.000000,-0.374895,-0.334076,0.864781,0.000000,26.076310,0.000000,-0.000015,1.000000;;
       }

       Frame R_Forearm {
        

        FrameTransformMatrix {
         -0.147452,0.000000,-0.989069,0.000000,0.000000,1.000000,-0.000000,0.000000,0.989069,0.000000,-0.147452,0.000000,26.638515,0.000015,0.000000,1.000000;;
        }

        Frame R_Hand {
         

         FrameTransformMatrix {
          0.977214,0.142288,-0.157503,0.000000,-0.144461,-0.097819,-0.984664,0.000000,-0.155513,0.984980,-0.075035,0.000000,33.836419,-0.000015,0.000000,1.000000;;
         }

         Frame R_Weapon_Bone {
          

          FrameTransformMatrix {
           1.000000,0.000000,0.000000,0.000000,0.000000,1.000000,0.000000,0.000000,0.000000,-0.000000,1.000000,0.000000,6.152241,0.000027,4.350197,1.000000;;
          }
         }

         Frame rThumb01 {
          

          FrameTransformMatrix {
           0.772689,0.147685,0.617366,0.000000,-0.587487,-0.202004,0.783615,0.000000,0.240439,-0.968185,-0.069323,0.000000,3.331612,5.460617,3.029625,1.000000;;
          }

          Frame rThumb02 {
           

           FrameTransformMatrix {
            0.845378,-0.100364,0.524655,0.000000,0.085223,0.994951,0.053010,0.000000,-0.527326,-0.000101,0.849663,0.000000,7.652946,0.000015,0.000031,1.000000;;
           }

           Frame rThumb03 {
            

            FrameTransformMatrix {
             0.718725,0.000000,0.695294,0.000000,0.000000,1.000000,0.000000,0.000000,-0.695294,0.000000,0.718726,0.000000,4.761620,-0.000008,0.000010,1.000000;;
            }
           }
          }
         }

         Frame rIndex01 {
          

          FrameTransformMatrix {
           0.284105,-0.204607,0.936707,0.000000,-0.162832,0.952476,0.257439,0.000000,-0.944865,-0.225666,0.237287,0.000000,14.983834,7.111595,0.446426,1.000000;;
          }

          Frame rIndex02 {
           

           FrameTransformMatrix {
            -0.339511,-0.000000,0.940602,0.000000,0.000000,1.000000,0.000000,0.000000,-0.940602,0.000000,-0.339511,0.000000,6.478958,-0.000004,0.000008,1.000000;;
           }

           Frame rIndex03 {
            

            FrameTransformMatrix {
             0.209826,0.000000,0.977739,0.000000,-0.000000,1.000000,-0.000000,0.000000,-0.977739,0.000000,0.209826,0.000000,4.726505,0.000000,0.000015,1.000000;;
            }
           }
          }
         }

         Frame rMiddle01 {
          

          FrameTransformMatrix {
           0.359155,0.020462,0.933053,0.000000,-0.041343,0.999127,-0.005997,0.000000,-0.932362,-0.036421,0.359687,0.000000,15.787147,1.898113,-0.833969,1.000000;;
          }

          Frame rMiddle02 {
           

           FrameTransformMatrix {
            -0.284986,-0.000000,0.958531,0.000000,-0.000000,1.000000,0.000000,0.000000,-0.958532,-0.000000,-0.284986,0.000000,7.345093,-0.000004,-0.000008,1.000000;;
           }

           Frame rMiddle03 {
            

            FrameTransformMatrix {
             0.179599,-0.000000,0.983740,0.000000,-0.000000,1.000000,0.000000,0.000000,-0.983740,-0.000000,0.179599,0.000000,5.468990,0.000004,0.000008,1.000000;;
            }
           }
          }
         }

         Frame rRing01 {
          

          FrameTransformMatrix {
           0.474243,0.168380,0.864143,0.000000,0.074858,0.970274,-0.230142,0.000000,-0.877206,0.173831,0.447541,0.000000,15.693578,-2.986214,-0.968079,1.000000;;
          }

          Frame rRing02 {
           

           FrameTransformMatrix {
            -0.238880,0.000000,0.971049,0.000000,0.000000,1.000000,0.000000,0.000000,-0.971049,0.000000,-0.238880,0.000000,7.333420,0.000015,0.000004,1.000000;;
           }

           Frame rRing03 {
            

            FrameTransformMatrix {
             0.341355,-0.000000,0.939934,0.000000,0.000000,1.000000,0.000000,0.000000,-0.939934,0.000000,0.341356,0.000000,4.098213,0.000000,0.000000,1.000000;;
            }
           }
          }
         }

         Frame rPinkie01 {
          

          FrameTransformMatrix {
           0.109758,0.350327,0.930174,0.000000,0.081431,0.929513,-0.359687,0.000000,-0.990617,0.115223,0.073494,0.000000,14.513355,-7.161648,0.317162,1.000000;;
          }

          Frame rPinkie02 {
           

           FrameTransformMatrix {
            -0.118879,-0.000000,0.992909,0.000000,0.000000,1.000000,-0.000000,0.000000,-0.992909,-0.000000,-0.118879,0.000000,5.756180,0.000000,0.000008,1.000000;;
           }

           Frame rPinkie03 {
            

            FrameTransformMatrix {
             0.165113,0.000000,0.986275,0.000000,0.000000,1.000000,-0.000000,0.000000,-0.986275,0.000000,0.165113,0.000000,3.445572,0.000000,0.000000,1.000000;;
            }
           }
          }
         }
        }

        Frame R_Forearm_Twist {
         

         FrameTransformMatrix {
          1.000000,-0.000000,0.000000,0.000000,0.000000,0.997856,-0.065447,0.000000,-0.000000,0.065447,0.997856,0.000000,16.918205,-0.000015,0.000011,1.000000;;
         }
        }
       }
      }
     }
    }
   }
  }
 }
}

Frame Skel_Brick {
 

 FrameTransformMatrix {
  1.000000,0.000000,0.000000,0.000000,0.000000,1.000000,0.000000,0.000000,0.000000,0.000000,1.000000,0.000000,0.000000,0.000000,0.000000,1.000000;;
 }

 Mesh Skel_Brick {
  11048;
  32.556720;153.297766;25.748053;,
  33.343888;150.923571;22.011158;,
  32.792106;152.058726;22.651579;,
  34.612358;152.201664;22.485744;,
  33.343888;150.923571;22.011158;,
  34.204240;150.742323;22.056848;,
  8.084494;180.551027;19.932142;,
  12.223969;184.631603;13.236433;,
  7.135048;182.060442;13.864890;,
  19.184806;188.326861;-6.024048;,
  26.940163;185.321728;-11.057600;,
  19.207253;187.235930;-10.898935;,
  14.610224;188.277440;-4.527906;,
  16.481147;188.423014;3.354767;,
  10.725723;186.321139;3.650990;,
  17.159034;187.939008;8.007577;,
  16.481147;188.423014;3.354767;,
  11.443016;185.739635;8.516451;,
  6.938637;182.918016;8.729834;,
  3.067581;179.927181;8.793352;,
  13.627842;187.290714;-9.444386;,
  17.916214;186.828800;12.540833;,
  20.369925;188.790426;7.647637;,
  19.806112;188.898547;2.882446;,
  18.469515;183.947430;20.095131;,
  13.014338;182.924902;18.915293;,
  21.254051;187.278810;12.128396;,
  25.929757;190.174221;7.025006;,
  25.503533;190.383974;2.121001;,
  25.345330;188.807296;-5.680611;,
  27.871130;185.574451;-10.842098;,
  28.653248;180.447552;-14.530106;,
  26.940163;185.321728;-11.057600;,
  15.690022;181.505818;24.089562;,
  18.857098;180.883763;25.076499;,
  26.991110;188.719373;11.611530;,
  26.216120;191.287347;7.175543;,
  25.794107;191.471782;2.174890;,
  26.027107;189.594394;-5.662738;,
  31.327994;186.214464;-7.631569;,
  30.963110;189.449229;-4.207137;,
  31.450080;185.469709;-6.716552;,
  27.309043;189.776307;11.838471;,
  31.358512;191.127232;6.346330;,
  30.869165;191.233370;1.620002;,
  30.909446;188.246950;-3.627188;,
  30.679190;184.805453;-6.708562;,
  31.702858;182.080538;-8.604224;,
  32.109494;182.183322;-9.862070;,
  30.203357;181.162752;-13.491627;,
  29.561050;181.006170;-14.361406;,
  30.805245;189.753088;1.772810;,
  31.317818;189.702618;6.141619;,
  31.827702;179.229158;21.951701;,
  29.761101;185.412646;18.159075;,
  29.076042;184.632320;18.117654;,
  32.300544;189.630438;10.757135;,
  32.119072;188.279347;10.222457;,
  30.978723;188.928141;6.576528;,
  30.654870;189.060710;1.963249;,
  30.178125;187.019674;-3.656583;,
  33.745872;185.080576;14.504387;,
  34.026358;186.019520;15.350787;,
  35.456035;181.524122;17.461198;,
  35.420410;174.496973;21.462803;,
  32.788467;179.582438;21.662307;,
  35.139197;174.209792;22.585310;,
  33.495654;179.863718;21.055114;,
  35.303498;180.952090;18.813152;,
  35.638301;177.898970;17.601680;,
  34.176522;182.708890;15.540691;,
  32.081184;186.992128;11.190554;,
  36.104582;176.828570;18.487496;,
  19.683050;126.508864;18.853789;,
  12.731359;123.175898;20.830574;,
  18.755123;124.616870;17.493973;,
  24.670131;133.161011;20.710259;,
  25.764920;130.976742;14.400490;,
  27.225376;134.544525;19.646883;,
  22.157590;129.927731;18.311518;,
  23.860138;127.480064;13.801496;,
  22.353325;124.514560;13.307147;,
  21.564510;122.947802;12.472718;,
  16.820504;119.112730;18.007582;,
  18.852848;115.576294;12.485490;,
  18.266883;115.989184;12.119550;,
  23.618714;121.960934;6.995790;,
  21.914154;117.126912;6.834335;,
  25.176226;126.183462;8.283195;,
  25.617003;128.593306;9.139267;,
  26.277958;128.167462;9.346986;,
  26.298518;130.857434;14.219595;,
  26.890675;130.540301;6.305344;,
  25.256506;122.993152;3.416924;,
  26.063184;127.228058;5.162118;,
  26.895933;128.181453;2.364230;,
  27.578755;128.133312;0.140134;,
  25.737587;128.494797;-0.020218;,
  25.926312;129.619955;0.287940;,
  25.839093;131.756378;2.526515;,
  27.143779;130.816205;2.121533;,
  28.373088;134.479795;7.138183;,
  27.274563;131.589504;3.579923;,
  28.634784;133.401050;5.392009;,
  27.116166;131.232282;5.023789;,
  25.839093;131.756378;2.526515;,
  27.477283;132.608704;10.800588;,
  28.176221;133.356928;8.828327;,
  30.454291;135.337587;14.491797;,
  29.468387;135.428915;10.062384;,
  30.882394;136.416934;13.277690;,
  31.066275;135.677210;12.408970;,
  31.968314;135.596582;12.999514;,
  31.639747;135.058560;12.191725;,
  29.971776;135.040563;9.902140;,
  31.972374;136.840307;15.113509;,
  31.384208;137.299878;15.296741;,
  30.476966;133.915149;9.439180;,
  32.177542;137.182810;10.587675;,
  32.496698;137.511104;13.169850;,
  32.739130;138.235226;14.151291;,
  32.936499;137.988262;17.935387;,
  33.067971;139.251738;15.411642;,
  33.767997;140.840960;17.956074;,
  33.575952;141.271808;16.429565;,
  34.088829;143.842688;16.360346;,
  34.403190;142.452544;12.186994;,
  32.117043;138.077107;8.123168;,
  32.625053;137.092352;10.543882;,
  32.944205;137.420659;13.126052;,
  32.613472;138.427546;7.668386;,
  32.170342;138.557888;7.675018;,
  32.564566;137.986650;8.079370;,
  34.077309;141.330573;10.909961;,
  33.174736;138.094707;14.089083;,
  32.785270;137.718259;14.486210;,
  33.158547;137.778227;14.443277;,
  33.341546;138.395635;16.041237;,
  34.323981;141.256256;10.914939;,
  32.357155;137.610381;6.776962;,
  32.789024;139.156646;6.110648;,
  33.074211;138.401510;16.118643;,
  34.673392;142.356134;12.134686;,
  34.510550;142.516352;9.725240;,
  34.180566;142.576448;9.764581;,
  34.480445;146.481779;5.876092;,
  34.854790;146.973875;7.566766;,
  34.859949;143.616243;10.944986;,
  30.834403;139.590387;0.790006;,
  32.459891;139.962688;6.328109;,
  30.673206;137.853850;3.092589;,
  32.925437;142.448435;5.633503;,
  33.519357;144.942195;6.187477;,
  33.991798;145.655027;6.824936;,
  33.968682;146.609203;5.919756;,
  34.172448;147.143770;7.624983;,
  33.893197;146.945280;7.955766;,
  31.009178;146.901709;5.273096;,
  30.581002;151.991706;2.425489;,
  31.919395;152.103680;6.322048;,
  32.113098;150.920870;8.025914;,
  33.273094;150.707059;7.940704;,
  31.999670;146.827328;5.267764;,
  29.080054;142.030566;1.483228;,
  26.991952;139.551987;-0.994859;,
  34.268563;148.579558;9.221946;,
  34.151050;154.198298;10.523191;,
  33.063354;154.994765;10.507577;,
  32.080803;153.761587;6.269752;,
  30.660317;153.410253;1.155514;,
  30.003578;152.246349;-0.248898;,
  30.174554;153.846746;-0.001543;,
  34.290784;155.056154;11.246401;,
  32.926813;156.681677;11.473522;,
  31.934960;154.830963;5.821475;,
  32.279885;159.033600;10.799095;,
  35.919824;159.091955;21.158226;,
  35.542947;155.893645;13.761501;,
  36.050515;161.060608;15.712019;,
  34.305686;156.777472;12.108210;,
  33.422445;161.894118;14.137211;,
  32.758477;163.596954;13.587541;,
  35.195450;153.794893;12.951554;,
  35.278154;152.502490;12.167062;,
  35.586166;159.316928;22.756805;,
  35.468826;152.380032;21.008880;,
  35.266560;151.726016;16.283866;,
  35.223091;149.035251;15.326139;,
  34.305014;147.847091;10.300550;,
  33.722739;148.389837;16.447640;,
  34.355354;145.654208;15.342659;,
  34.456138;146.733491;14.143534;,
  32.499078;141.778291;18.286710;,
  34.787040;145.455898;15.359454;,
  34.365318;145.821030;15.710594;,
  35.101843;145.604160;15.510981;,
  35.422874;147.209088;14.768445;,
  34.940179;147.414118;14.970386;,
  34.940179;147.414118;14.970386;,
  34.507821;143.696397;10.938395;,
  33.506858;139.159552;15.316952;,
  12.007577;120.296742;20.159482;,
  16.236498;116.844442;15.995360;,
  16.340733;119.360602;17.660686;,
  11.673009;118.113331;20.385211;,
  8.932342;116.877350;19.021912;,
  12.333456;115.070464;16.290853;,
  13.315382;114.621517;14.783021;,
  14.245293;115.196070;15.011088;,
  7.834032;120.377024;22.951202;,
  15.925885;114.660787;13.241732;,
  16.967965;113.509786;7.835974;,
  14.598387;114.023117;12.580586;,
  16.108371;113.478656;14.174634;,
  15.707552;113.280960;13.583443;,
  18.142915;112.817114;8.555455;,
  18.242493;113.127219;3.270357;,
  21.398552;117.451021;6.627763;,
  19.469021;114.353088;8.217153;,
  19.011757;113.353408;3.437699;,
  19.463851;112.512205;3.566946;,
  18.228045;110.120768;3.678586;,
  16.357733;110.019200;8.440724;,
  23.094322;118.385818;3.922761;,
  18.673595;109.961395;3.784734;,
  18.886437;109.772480;1.984658;,
  19.426718;110.007091;2.271185;,
  19.887478;112.495603;3.471614;,
  20.644958;112.347200;1.996129;,
  18.421400;109.972378;3.668918;,
  18.426902;110.021453;1.660099;,
  17.102638;110.295424;1.416291;,
  17.238147;110.736998;1.407740;,
  17.229946;110.708019;-0.087352;,
  16.571157;110.468608;3.205705;,
  17.281877;110.872960;-1.317335;,
  16.887341;109.072819;1.430450;,
  16.177211;109.377024;2.915428;,
  15.089466;110.881651;7.673347;,
  16.697810;110.686899;3.302003;,
  14.848848;109.372288;6.941202;,
  11.790056;109.761933;12.813807;,
  11.898242;110.267328;13.086496;,
  13.336986;109.225408;10.030662;,
