xof 0303txt 0032
template ColorRGBA {
 <35ff44e0-6c7c-11cf-8f52-0040333594a3>
 FLOAT red;
 FLOAT green;
 FLOAT blue;
 FLOAT alpha;
}

template ColorRGB {
 <d3e16e81-7835-11cf-8f52-0040333594a3>
 FLOAT red;
 FLOAT green;
 FLOAT blue;
}

template Material {
 <3d82ab4d-62da-11cf-ab39-0020af71e433>
 ColorRGBA faceColor;
 FLOAT power;
 ColorRGB specularColor;
 ColorRGB emissiveColor;
 [...]
}

template TextureFilename {
 <a42790e1-7810-11cf-8f52-0040333594a3>
 STRING filename;
}

template Frame {
 <3d82ab46-62da-11cf-ab39-0020af71e433>
 [...]
}

template Matrix4x4 {
 <f6f23f45-7686-11cf-8f52-0040333594a3>
 array FLOAT matrix[16];
}

template FrameTransformMatrix {
 <f6f23f41-7686-11cf-8f52-0040333594a3>
 Matrix4x4 frameMatrix;
}

template Vector {
 <3d82ab5e-62da-11cf-ab39-0020af71e433>
 FLOAT x;
 FLOAT y;
 FLOAT z;
}

template MeshFace {
 <3d82ab5f-62da-11cf-ab39-0020af71e433>
 DWORD nFaceVertexIndices;
 array DWORD faceVertexIndices[nFaceVertexIndices];
}

template Mesh {
 <3d82ab44-62da-11cf-ab39-0020af71e433>
 DWORD nVertices;
 array Vector vertices[nVertices];
 DWORD nFaces;
 array MeshFace faces[nFaces];
 [...]
}

template MeshNormals {
 <f6f23f43-7686-11cf-8f52-0040333594a3>
 DWORD nNormals;
 array Vector normals[nNormals];
 DWORD nFaceNormals;
 array MeshFace faceNormals[nFaceNormals];
}

template MeshMaterialList {
 <f6f23f42-7686-11cf-8f52-0040333594a3>
 DWORD nMaterials;
 DWORD nFaceIndexes;
 array DWORD faceIndexes[nFaceIndexes];
 [Material <3d82ab4d-62da-11cf-ab39-0020af71e433>]
}

template Coords2d {
 <f6f23f44-7686-11cf-8f52-0040333594a3>
 FLOAT u;
 FLOAT v;
}

template MeshTextureCoords {
 <f6f23f40-7686-11cf-8f52-0040333594a3>
 DWORD nTextureCoords;
 array Coords2d textureCoords[nTextureCoords];
}

template XSkinMeshHeader {
 <3cf169ce-ff7c-44ab-93c0-f78f62d172e2>
 WORD nMaxSkinWeightsPerVertex;
 WORD nMaxSkinWeightsPerFace;
 WORD nBones;
}

template SkinWeights {
 <6f0d123b-bad2-4167-a0d0-80224f25fabb>
 STRING transformNodeName;
 DWORD nWeights;
 array DWORD vertexIndices[nWeights];
 array FLOAT weights[nWeights];
 Matrix4x4 matrixOffset;
}

template AnimTicksPerSecond {
 <9e415a43-7ba6-4a73-8743-b73d47e88476>
 DWORD AnimTicksPerSecond;
}

template Animation {
 <3d82ab4f-62da-11cf-ab39-0020af71e433>
 [...]
}

template AnimationSet {
 <3d82ab50-62da-11cf-ab39-0020af71e433>
 [Animation <3d82ab4f-62da-11cf-ab39-0020af71e433>]
}

template FloatKeys {
 <10dd46a9-775b-11cf-8f52-0040333594a3>
 DWORD nValues;
 array FLOAT values[nValues];
}

template TimedFloatKeys {
 <f406b180-7b3b-11cf-8f52-0040333594a3>
 DWORD time;
 FloatKeys tfkeys;
}

template AnimationKey {
 <10dd46a8-775b-11cf-8f52-0040333594a3>
 DWORD keyType;
 DWORD nKeys;
 array TimedFloatKeys keys[nKeys];
}


Material Mati_Lilith_Head {
 1.000000;1.000000;1.000000;1.000000;;
 10.000000;
 0.000000;0.000000;0.000000;;
 0.000000;0.000000;0.000000;;

 TextureFilename {
  "Lilith_Head_D.tga";
 }
}

Material Mati_Lilith_Body {
 1.000000;1.000000;1.000000;1.000000;;
 10.000000;
 0.000000;0.000000;0.000000;;
 0.000000;0.000000;0.000000;;

 TextureFilename {
  "Lilith_Body_D.tga";
 }
}

Frame Root {
 

 FrameTransformMatrix {
  1.000000,0.000000,0.000000,0.000000,0.000000,1.000000,0.000000,0.000000,0.000000,0.000000,1.000000,0.000000,0.000000,0.000000,0.000000,1.000000;;
 }

 Frame Hips {
  

  FrameTransformMatrix {
   0.094036,0.995165,-0.028348,0.000000,0.266602,0.002263,0.963804,0.000000,0.959209,-0.098190,-0.265100,0.000000,0.000000,97.049965,0.000000,1.000000;;
  }

  Frame L_Thigh {
   

   FrameTransformMatrix {
    -0.708689,0.397506,0.582880,0.000000,-0.256023,-0.914749,0.312547,0.000000,0.657428,0.072268,0.750043,0.000000,-0.000031,8.049672,0.000011,1.000000;;
   }

   Frame L_Shin {
    

    FrameTransformMatrix {
     0.714798,-0.000000,-0.699330,0.000000,0.000000,1.000000,0.000000,0.000000,0.699330,-0.000000,0.714799,0.000000,40.876963,0.000004,0.000000,1.000000;;
    }

    Frame L_Foot {
     

     FrameTransformMatrix {
      0.955832,0.276050,0.100907,0.000000,-0.268693,0.959843,-0.080658,0.000000,-0.119121,0.049982,0.991621,0.000000,48.381171,-0.000004,0.000010,1.000000;;
     }

     Frame L_Toe {
      

      FrameTransformMatrix {
       -0.001752,0.000000,0.999999,0.000000,0.000000,1.000000,-0.000000,0.000000,-0.999999,0.000000,-0.001752,0.000000,8.275519,0.001503,10.866722,1.000000;;
      }
     }
    }
   }
  }

  Frame R_Thigh {
   

   FrameTransformMatrix {
    -0.785272,-0.427765,0.447621,0.000000,0.298378,-0.894928,-0.331777,0.000000,0.542511,-0.126975,0.830397,0.000000,0.000008,-8.049680,-0.000010,1.000000;;
   }

   Frame R_Shin {
    

    FrameTransformMatrix {
     0.636880,0.000000,-0.770963,0.000000,0.000000,1.000000,0.000000,0.000000,0.770963,0.000000,0.636881,0.000000,40.876960,0.000000,-0.000004,1.000000;;
    }

    Frame R_Foot {
     

     FrameTransformMatrix {
      0.889275,-0.316391,0.330282,0.000000,0.317677,0.946792,0.051634,0.000000,-0.329045,0.059006,0.942469,0.000000,48.381187,0.000008,-0.000003,1.000000;;
     }

     Frame R_Toe {
      

      FrameTransformMatrix {
       0.005724,-0.000000,0.999984,0.000000,0.000000,1.000000,0.000000,0.000000,-0.999984,0.000000,0.005724,0.000000,8.415151,-0.001560,10.866663,1.000000;;
      }
     }
    }
   }
  }

  Frame Spine1 {
   

   FrameTransformMatrix {
    0.997419,0.000008,0.071794,0.000000,0.000008,1.000000,-0.000220,0.000000,-0.071794,0.000220,0.997419,0.000000,5.712509,0.000002,0.356172,1.000000;;
   }

   Frame Spine2 {
    

    FrameTransformMatrix {
     0.906406,0.025156,0.421659,0.000000,-0.023816,0.999681,-0.008446,0.000000,-0.421737,-0.002387,0.906715,0.000000,11.694557,0.000000,-0.009171,1.000000;;
    }

    Frame Spine3 {
     

     FrameTransformMatrix {
      0.999594,-0.027888,-0.005808,0.000000,0.028173,0.997994,0.056709,0.000000,0.004214,-0.056849,0.998374,0.000000,11.556450,-0.000001,-0.013298,1.000000;;
     }

     Frame Neck {
      

      FrameTransformMatrix {
       0.989245,0.033909,0.142282,0.000000,-0.026272,0.998128,-0.055220,0.000000,-0.143888,0.050888,0.988285,0.000000,16.510842,-0.000001,0.215656,1.000000;;
      }

      Frame Head {
       

       FrameTransformMatrix {
        0.888103,0.000037,-0.459644,0.000000,-0.105068,0.973540,-0.202929,0.000000,0.447475,0.228515,0.864608,0.000000,10.219841,0.000001,-0.336983,1.000000;;
       }

       Frame FaceBaseBone {
        

        FrameTransformMatrix {
         0.996195,-0.000001,-0.087155,0.000000,0.000001,1.000000,0.000000,0.000000,0.087155,-0.000001,0.996195,0.000000,6.810135,0.000001,7.077459,1.000000;;
        }

        Frame Jaw {
         

         FrameTransformMatrix {
          0.968790,0.000001,0.247883,0.000000,-0.000000,1.000000,-0.000001,0.000000,-0.247883,0.000001,0.968790,0.000000,-3.341003,0.000010,-4.710544,1.000000;;
         }

         Frame LowerLip {
          

          FrameTransformMatrix {
           0.529589,0.000001,0.848254,0.000000,-0.848254,0.000001,0.529589,0.000000,-0.000000,-1.000000,0.000001,0.000000,-0.476456,-0.001457,8.661834,1.000000;;
          }
         }

         Frame lLowerLip {
          

          FrameTransformMatrix {
           0.222464,0.383927,0.896164,0.000000,-0.971924,0.015075,0.234813,0.000000,0.076641,-0.923241,0.376501,0.000000,-0.381454,0.748553,8.421925,1.000000;;
          }
         }

         Frame lLowerLipCorner {
          

          FrameTransformMatrix {
           -0.041811,0.451263,0.891411,0.000000,-0.991400,-0.129472,0.019042,0.000000,0.124006,-0.882949,0.452796,0.000000,-0.373489,1.488695,8.078506,1.000000;;
          }
         }

         Frame LowerLipFold {
          

          FrameTransformMatrix {
           -0.017621,0.000001,0.999845,0.000000,0.999845,-0.000001,0.017621,0.000000,0.000001,1.000000,-0.000001,0.000000,-1.581345,-0.000072,8.189078,1.000000;;
          }
         }

         Frame lLowerMouthFold {
          

          FrameTransformMatrix {
           -0.177771,0.476474,0.861028,0.000000,0.927725,-0.210677,0.308125,0.000000,0.328212,0.853574,-0.404584,0.000000,-1.225250,0.896170,8.232918,1.000000;;
          }
         }

         Frame rLowerLip {
          

          FrameTransformMatrix {
           0.222464,-0.383928,0.896163,0.000000,0.971924,0.015074,-0.234813,0.000000,0.076643,0.923240,0.376502,0.000000,-0.381195,-0.748540,8.423813,1.000000;;
          }
         }

         Frame rLowerLipCorner {
          

          FrameTransformMatrix {
           -0.041815,-0.451264,0.891410,0.000000,0.991399,-0.129477,-0.019040,0.000000,0.124009,0.882948,0.452797,0.000000,-0.373215,-1.488722,8.078621,1.000000;;
          }
         }

         Frame rLowerMouthFold {
          

          FrameTransformMatrix {
           -0.177770,-0.476471,0.861030,0.000000,-0.927726,-0.210676,-0.308123,0.000000,0.328210,-0.853576,-0.404583,0.000000,-1.225235,-0.895953,8.232910,1.000000;;
          }
         }
        }

        Frame lNasalLabiaFold {
         

         FrameTransformMatrix {
          -0.037776,0.214478,0.975998,0.000000,0.578302,0.801216,-0.153686,0.000000,-0.814947,0.558616,-0.154300,0.000000,-4.047821,2.703179,2.354290,1.000000;;
         }
        }

        Frame lMouthCorner {
         

         FrameTransformMatrix {
          -0.097380,0.571057,0.815115,0.000000,-0.126925,0.805194,-0.579269,0.000000,-0.987121,-0.159868,-0.005928,0.000000,-5.544296,2.077909,2.473944,1.000000;;
         }
        }

        Frame lUpperLip {
         

         FrameTransformMatrix {
          -0.009989,0.443618,0.896161,0.000000,0.996467,0.079157,-0.028077,0.000000,-0.083393,0.892714,-0.442841,0.000000,-5.240204,0.755236,3.341042,1.000000;;
         }
        }

        Frame Upperlip {
         

         FrameTransformMatrix {
          -0.025814,0.000001,0.999667,0.000000,0.999667,-0.000000,0.025814,0.000000,0.000001,1.000000,-0.000001,0.000000,-5.227356,-0.001798,3.474062,1.000000;;
         }
        }

        Frame lUpperLipCorner {
         

         FrameTransformMatrix {
          -0.098636,0.770120,0.630228,0.000000,0.960723,0.238774,-0.141413,0.000000,-0.259387,0.591526,-0.763423,0.000000,-5.302384,1.301100,3.036366,1.000000;;
         }
        }

        Frame lLowerLabiFold {
         

         FrameTransformMatrix {
          -0.198881,0.611699,0.765683,0.000000,0.070251,0.788179,-0.611423,0.000000,-0.977503,-0.067811,-0.199726,0.000000,-5.617950,3.265739,1.626967,1.000000;;
         }
        }

        Frame UpperLipFold {
         

         FrameTransformMatrix {
          0.301768,0.000000,0.953381,0.000000,0.953381,-0.000001,-0.301768,0.000000,0.000001,1.000000,-0.000001,0.000000,-4.315140,-0.004117,3.549990,1.000000;;
         }
        }

        Frame lSneer {
         

         FrameTransformMatrix {
          0.252361,0.295150,0.921521,0.000000,0.952812,0.090249,-0.289836,0.000000,-0.168711,0.951179,-0.258447,0.000000,-4.236755,1.249017,3.166035,1.000000;;
         }
        }

        Frame lCheekBone {
         

         FrameTransformMatrix {
          0.095300,0.550475,0.829395,0.000000,0.993833,-0.005165,-0.110766,0.000000,-0.056690,0.834836,-0.547572,0.000000,-2.120300,4.685601,1.696266,1.000000;;
         }
        }

        Frame lCheek {
         

         FrameTransformMatrix {
          -0.211470,0.898172,0.385445,0.000000,-0.106265,-0.413154,0.904440,0.000000,0.971591,0.150303,0.182814,0.000000,-5.507126,4.670605,-0.207869,1.000000;;
         }
        }

        Frame lNasalFlare {
         

         FrameTransformMatrix {
          0.192503,-0.779643,0.595902,0.000000,0.892680,-0.113048,-0.436282,0.000000,0.407510,0.615936,0.674210,0.000000,-3.139740,1.411160,2.955172,1.000000;;
         }
        }

        Frame lLowerInsideEyelid {
         

         FrameTransformMatrix {
          -0.068418,-0.125037,0.989790,0.000000,0.997565,0.004886,0.069572,0.000000,-0.013535,0.992140,0.124399,0.000000,-0.157074,2.520581,1.863283,1.000000;;
         }
        }

        Frame lLowerOutsideEyelid {
         

         FrameTransformMatrix {
          -0.015122,0.365249,0.930787,0.000000,0.992269,-0.109202,0.058973,0.000000,0.123183,0.924483,-0.360774,0.000000,-0.095047,4.090362,1.664400,1.000000;;
         }
        }

        Frame lUpperInsideEylid {
         

         FrameTransformMatrix {
          0.191516,-0.236462,0.952579,0.000000,-0.947641,0.208139,0.242190,0.000000,-0.255537,-0.949086,-0.184219,0.000000,0.743195,2.614363,1.964647,1.000000;;
         }
        }

        Frame lUpperOutsideEyelid {
         

         FrameTransformMatrix {
          0.335380,0.633547,0.697237,0.000000,-0.913217,0.036828,0.405805,0.000000,0.231419,-0.772828,0.590917,0.000000,0.755997,4.171829,1.493643,1.000000;;
         }
        }

        Frame lEye {
         

         FrameTransformMatrix {
          0.091261,-0.069157,0.993423,0.000000,-0.002682,-0.997599,-0.069201,0.000000,0.995823,0.003651,-0.091228,0.000000,0.340576,3.129589,0.419802,1.000000;;
         }
        }

        Frame lInnerBrow {
         

         FrameTransformMatrix {
          0.050671,0.000001,0.998716,0.000000,0.964587,-0.259187,-0.048939,0.000000,0.258854,0.965828,-0.013134,0.000000,1.909760,1.173617,2.774218,1.000000;;
         }
        }

        Frame lBrow {
         

         FrameTransformMatrix {
          0.143189,0.383734,0.912275,0.000000,0.989677,-0.049834,-0.134376,0.000000,-0.006102,0.922098,-0.386909,0.000000,2.542572,3.326789,2.213879,1.000000;;
         }
        }

        Frame lOuterBrow {
         

         FrameTransformMatrix {
          0.236373,0.805600,0.543266,0.000000,0.911613,0.009642,-0.410937,0.000000,-0.336289,0.592382,-0.732116,0.000000,1.994431,4.714216,1.134075,1.000000;;
         }
        }

        Frame lCrowfeet {
         

         FrameTransformMatrix {
          0.078577,0.865255,0.495137,0.000000,-0.037499,-0.493756,0.868792,0.000000,0.996203,-0.086834,-0.006351,0.000000,0.431397,4.962704,0.367601,1.000000;;
         }
        }

        Frame lForeHead {
         

         FrameTransformMatrix {
          0.195753,-0.023456,0.980373,0.000000,0.955557,-0.220155,-0.196066,0.000000,0.220433,0.975183,-0.020682,0.000000,4.167999,2.316689,2.334557,1.000000;;
         }
        }

        Frame Nose {
         

         FrameTransformMatrix {
          0.097806,0.000000,0.995206,0.000000,0.995206,-0.000000,-0.097806,0.000000,0.000000,1.000000,-0.000000,0.000000,-2.529526,-0.000499,4.526220,1.000000;;
         }
        }

        Frame rEye {
         

         FrameTransformMatrix {
          0.099002,-0.063855,0.993036,0.000000,0.003693,0.997956,0.063803,0.000000,-0.995080,-0.002649,0.099035,0.000000,0.340576,-3.129531,0.419802,1.000000;;
         }
        }

        Frame rNasalLabiaFold {
         

         FrameTransformMatrix {
          -0.037776,-0.214473,0.975999,0.000000,-0.578303,0.801216,0.153682,0.000000,-0.814947,-0.558618,-0.154297,0.000000,-4.047790,-2.703097,2.354307,1.000000;;
         }
        }

        Frame rMouthCorner {
         

         FrameTransformMatrix {
          -0.097380,-0.571055,0.815116,0.000000,0.126926,0.805195,0.579268,0.000000,-0.987121,0.159868,-0.005928,0.000000,-5.544250,-2.077915,2.473974,1.000000;;
         }
        }

        Frame rUpperLip {
         

         FrameTransformMatrix {
          -0.009988,-0.443612,0.896164,0.000000,-0.996466,0.079157,0.028078,0.000000,-0.083393,-0.892717,-0.442835,0.000000,-5.240204,-0.755190,3.341040,1.000000;;
         }
        }

        Frame rUpperLipCorner {
         

         FrameTransformMatrix {
          -0.098635,-0.770119,0.630229,0.000000,-0.960724,0.238773,0.141413,0.000000,-0.259387,-0.591527,-0.763423,0.000000,-5.302399,-1.301100,3.036358,1.000000;;
         }
        }

        Frame rLowerLabiFold {
         

         FrameTransformMatrix {
          -0.198881,-0.611698,0.765684,0.000000,-0.070251,0.788180,0.611423,0.000000,-0.977503,0.067810,-0.199726,0.000000,-5.617950,-3.265730,1.626967,1.000000;;
         }
        }

        Frame rSneer {
         

         FrameTransformMatrix {
          0.252361,-0.295149,0.921521,0.000000,-0.952812,0.090250,0.289837,0.000000,-0.168713,-0.951179,-0.258446,0.000000,-4.236832,-1.249013,3.166040,1.000000;;
         }
        }

        Frame rCheekBone {
         

         FrameTransformMatrix {
          0.095300,-0.550473,0.829396,0.000000,-0.993833,-0.005166,0.110766,0.000000,-0.056690,-0.834838,-0.547570,0.000000,-2.120239,-4.685606,1.696285,1.000000;;
         }
        }

        Frame rCheek {
         

         FrameTransformMatrix {
          -0.211469,-0.898170,0.385449,0.000000,0.106265,-0.413159,-0.904438,0.000000,0.971591,-0.150301,0.182814,0.000000,-5.507095,-4.670557,-0.207821,1.000000;;
         }
        }

        Frame rNasalFlare {
         

         FrameTransformMatrix {
          0.192502,0.779647,0.595898,0.000000,-0.892681,-0.113047,0.436282,0.000000,0.407510,-0.615932,0.674213,0.000000,-3.139603,-1.411181,2.955177,1.000000;;
         }
        }

        Frame rLowerInsideEyelid {
         

         FrameTransformMatrix {
          -0.068418,0.125039,0.989790,0.000000,-0.997565,0.004886,-0.069573,0.000000,-0.013535,-0.992140,0.124400,0.000000,-0.157089,-2.520566,1.863293,1.000000;;
         }
        }

        Frame rLowerOutsideEyelid {
         

         FrameTransformMatrix {
          -0.015122,-0.365247,0.930788,0.000000,-0.992269,-0.109200,-0.058972,0.000000,0.123181,-0.924484,-0.360772,0.000000,-0.095093,-4.090320,1.664419,1.000000;;
         }
        }

        Frame rUpperInsideEylid {
         

         FrameTransformMatrix {
          0.191515,0.236463,0.952579,0.000000,0.947641,0.208138,-0.242189,0.000000,-0.255536,0.949086,-0.184220,0.000000,0.743164,-2.614381,1.964647,1.000000;;
         }
        }

        Frame rUpperOutsideEyelid {
         

         FrameTransformMatrix {
          0.335377,-0.633547,0.697238,0.000000,0.913218,0.036825,-0.405804,0.000000,0.231420,0.772828,0.590917,0.000000,0.756104,-4.171836,1.493647,1.000000;;
         }
        }

        Frame rInnerBrow {
         

         FrameTransformMatrix {
          0.050671,0.000001,0.998716,0.000000,-0.964587,-0.259185,0.048940,0.000000,0.258852,-0.965828,-0.013132,0.000000,1.909744,-1.173599,2.774206,1.000000;;
         }
        }

        Frame rBrow {
         

         FrameTransformMatrix {
          0.143190,-0.383732,0.912275,0.000000,-0.989676,-0.049833,0.134377,0.000000,-0.006103,-0.922099,-0.386907,0.000000,2.542603,-3.326791,2.213879,1.000000;;
         }
        }

        Frame rOuterBrow {
         

         FrameTransformMatrix {
          0.236374,-0.805596,0.543270,0.000000,-0.911612,0.009644,0.410938,0.000000,-0.336289,-0.592387,-0.732112,0.000000,1.994431,-4.714112,1.134102,1.000000;;
         }
        }

        Frame rCrowfeet {
         

         FrameTransformMatrix {
          0.078574,-0.865252,0.495142,0.000000,0.037501,-0.493761,-0.868789,0.000000,0.996203,0.086833,-0.006349,0.000000,0.431381,-4.962619,0.367579,1.000000;;
         }
        }

        Frame rForeHead {
         

         FrameTransformMatrix {
          0.195753,0.023458,0.980373,0.000000,-0.955558,-0.220154,0.196066,0.000000,0.220433,-0.975183,-0.020680,0.000000,4.167984,-2.316691,2.334547,1.000000;;
         }
        }

        Frame ToungeBase {
         

         FrameTransformMatrix {
          -0.000000,1.000000,-0.000001,0.000000,0.267951,0.000001,0.963433,0.000000,0.963432,0.000000,-0.267952,0.000000,-5.482559,0.000014,-2.237923,1.000000;;
         }

         Frame Tounge01 {
          

          FrameTransformMatrix {
           1.000000,0.000000,-0.000000,0.000000,-0.000000,0.978506,-0.206217,0.000000,0.000000,0.206217,0.978506,0.000000,0.000002,1.941387,-0.144867,1.000000;;
          }

          Frame Tounge02 {
           

           FrameTransformMatrix {
            1.000000,-0.000001,-0.000000,0.000000,0.000000,0.970524,-0.241006,0.000000,-0.000000,0.241006,0.970524,0.000000,-0.000003,1.079569,-0.148499,1.000000;;
           }

           Frame Tounge03 {
            

            FrameTransformMatrix {
             1.000000,0.000000,0.000000,0.000000,-0.000000,0.965962,-0.258686,0.000000,-0.000000,0.258686,0.965961,0.000000,0.000000,0.800623,-0.128220,1.000000;;
            }
           }
          }
         }
        }
       }
      }
     }

     Frame L_Clav {
      

      FrameTransformMatrix {
       -0.136682,0.919492,-0.368582,0.000000,0.990613,0.126193,-0.052542,0.000000,-0.001800,-0.372304,-0.928109,0.000000,13.331078,2.426391,-2.956863,1.000000;;
      }

      Frame L_Upperarm {
       

       FrameTransformMatrix {
        0.713716,-0.683671,-0.152323,0.000000,0.693836,0.719853,0.020081,0.000000,0.095922,-0.120020,0.988127,0.000000,10.934162,-0.000008,-0.000011,1.000000;;
       }

       Frame L_Forearm {
        

        FrameTransformMatrix {
         0.563127,0.000000,-0.826370,0.000000,-0.000000,1.000000,-0.000000,0.000000,0.826370,0.000000,0.563127,0.000000,21.846954,0.000015,0.000004,1.000000;;
        }

        Frame L_Hand {
         

         FrameTransformMatrix {
          0.996690,-0.073917,0.033849,0.000000,-0.045726,-0.165418,0.985163,0.000000,-0.067221,-0.983450,-0.168250,0.000000,23.130771,0.000000,-0.000002,1.000000;;
         }

         Frame L_Weapon_Bone {
          

          FrameTransformMatrix {
           1.000000,0.000000,0.000000,0.000000,-0.000000,-1.000000,0.000690,0.000000,0.000000,-0.000690,-1.000000,0.000000,6.152004,0.000004,4.350006,1.000000;;
          }
         }

         Frame l_Thumb01 {
          

          FrameTransformMatrix {
           0.832972,-0.422881,0.356832,0.000000,0.237171,-0.309775,-0.920755,0.000000,0.499907,0.851593,-0.157739,0.000000,2.159412,-2.769459,1.672379,1.000000;;
          }

          Frame l_Thumb02 {
           

           FrameTransformMatrix {
            0.932775,0.000000,0.360458,0.000000,0.000000,1.000000,-0.000000,0.000000,-0.360458,0.000000,0.932775,0.000000,2.531685,0.000008,0.000000,1.000000;;
           }

           Frame l_Thumb03 {
            

            FrameTransformMatrix {
             0.998704,-0.000000,-0.050904,0.000000,0.000000,1.000000,-0.000000,0.000000,0.050904,0.000000,0.998704,0.000000,2.674385,0.000000,0.000000,1.000000;;
            }
           }
          }
         }

         Frame l_Ring01 {
          

          FrameTransformMatrix {
           0.846395,-0.057387,0.529455,0.000000,-0.038061,0.985117,0.167620,0.000000,-0.531194,-0.162024,0.831614,0.000000,7.684685,0.918915,-0.028687,1.000000;;
          }

          Frame l_Ring02 {
           

           FrameTransformMatrix {
            0.700485,0.000000,0.713667,0.000000,0.000000,1.000000,-0.000000,0.000000,-0.713668,-0.000000,0.700485,0.000000,2.978447,0.000000,0.000000,1.000000;;
           }

           Frame l_Ring03 {
            

            FrameTransformMatrix {
             0.819266,-0.000000,0.573413,0.000000,0.000000,1.000000,0.000000,0.000000,-0.573413,-0.000000,0.819266,0.000000,1.803230,0.000000,-0.000011,1.000000;;
            }
           }
          }
         }

         Frame l_Pinkie01 {
          

          FrameTransformMatrix {
           0.885495,-0.122160,0.448303,0.000000,-0.017684,0.955261,0.295234,0.000000,-0.464312,-0.269357,0.843719,0.000000,7.475567,2.600243,0.206726,1.000000;;
          }

          Frame l_Pinkie02 {
           

           FrameTransformMatrix {
            0.721477,-0.000000,0.692439,0.000000,0.000000,1.000000,0.000000,0.000000,-0.692439,-0.000000,0.721477,0.000000,1.820953,0.000000,0.000000,1.000000;;
           }

           Frame l_Pinkie03 {
            

            FrameTransformMatrix {
             0.863702,0.000000,0.504004,0.000000,0.000000,1.000000,0.000000,0.000000,-0.504004,-0.000000,0.863702,0.000000,1.721962,0.000004,0.000008,1.000000;;
            }
           }
          }
         }

         Frame l_Middle01 {
          

          FrameTransformMatrix {
           0.883003,0.095497,0.459551,0.000000,-0.073528,0.995139,-0.065514,0.000000,-0.463573,0.024059,0.885732,0.000000,7.764729,-0.997891,0.044762,1.000000;;
          }

          Frame l_Middle02 {
           

           FrameTransformMatrix {
            0.699522,0.000000,0.714611,0.000000,-0.000000,1.000000,0.000000,0.000000,-0.714611,-0.000000,0.699522,0.000000,3.627907,0.000000,0.000000,1.000000;;
           }

           Frame l_Middle03 {
            

            FrameTransformMatrix {
             0.964312,0.000000,0.264769,0.000000,-0.000000,1.000000,0.000000,0.000000,-0.264769,0.000000,0.964312,0.000000,2.149773,-0.000002,0.000004,1.000000;;
            }
           }
          }
         }

         Frame l_Index01 {
          

          FrameTransformMatrix {
           0.927244,0.096427,0.361829,0.000000,-0.018164,0.976720,-0.213748,0.000000,-0.374017,0.191624,0.907409,0.000000,7.736882,-3.017563,0.574585,1.000000;;
          }

          Frame l_Index02 {
           

           FrameTransformMatrix {
            0.848876,0.000000,0.528593,0.000000,0.000000,1.000000,-0.000000,0.000000,-0.528593,0.000000,0.848876,0.000000,3.106216,-0.000002,0.000008,1.000000;;
           }

           Frame l_Index03 {
            

            FrameTransformMatrix {
             0.947236,0.000000,0.320539,0.000000,0.000000,1.000000,-0.000000,0.000000,-0.320539,-0.000000,0.947235,0.000000,1.993118,-0.000004,0.000004,1.000000;;
            }
           }
          }
         }
        }

        Frame L_Forearm_Twist {
         

         FrameTransformMatrix {
          1.000000,-0.000006,0.000110,0.000000,-0.000006,0.993895,0.110328,0.000000,-0.000110,-0.110328,0.993895,0.000000,11.565388,0.000000,-0.000002,1.000000;;
         }
        }
       }
      }
     }

     Frame R_Clav {
      

      FrameTransformMatrix {
       -0.157228,-0.946495,-0.281828,0.000000,-0.987562,0.150560,0.045304,0.000000,-0.000448,0.285445,-0.958395,0.000000,13.331070,-2.426406,-2.956841,1.000000;;
      }

      Frame R_Upperarm {
       

       FrameTransformMatrix {
        0.663986,0.697657,-0.269068,0.000000,-0.703990,0.704544,0.089533,0.000000,0.252033,0.129973,0.958951,0.000000,10.934158,-0.000038,0.000004,1.000000;;
       }

       Frame R_Forearm {
        

        FrameTransformMatrix {
         0.554862,0.000000,-0.831943,0.000000,-0.000000,1.000000,0.000000,0.000000,0.831943,0.000000,0.554862,0.000000,21.846954,0.000000,0.000000,1.000000;;
        }

        Frame R_Hand {
         

         FrameTransformMatrix {
          0.997807,0.064358,0.015484,0.000000,0.023716,-0.129194,-0.991336,0.000000,-0.061799,0.989529,-0.130437,0.000000,23.130765,0.000008,0.000000,1.000000;;
         }

         Frame R_Weapon_Bone {
          

          FrameTransformMatrix {
           1.000000,-0.000000,0.000000,0.000000,0.000000,1.000000,0.000000,0.000000,-0.000000,-0.000000,1.000000,0.000000,6.152241,0.000023,4.350220,1.000000;;
          }
         }

         Frame r_Thumb01 {
          

          FrameTransformMatrix {
           0.587130,0.775214,0.233069,0.000000,-0.009646,-0.281200,0.959601,0.000000,0.809435,-0.565659,-0.157624,0.000000,2.159412,2.769459,1.672371,1.000000;;
          }

          Frame r_Thumb02 {
           

           FrameTransformMatrix {
            0.970254,-0.000000,0.242091,0.000000,0.000000,1.000000,0.000000,0.000000,-0.242091,-0.000000,0.970254,0.000000,2.531692,-0.000015,0.000000,1.000000;;
           }

           Frame r_Thumb03 {
            

            FrameTransformMatrix {
             0.510589,0.000000,0.859825,0.000000,0.000000,1.000000,-0.000000,0.000000,-0.859825,-0.000000,0.510589,0.000000,2.674387,0.000000,0.000008,1.000000;;
            }
           }
          }
         }

         Frame r_Index01 {
          

          FrameTransformMatrix {
           0.861364,-0.046105,0.505891,0.000000,-0.207239,0.877338,0.432817,0.000000,-0.463793,-0.477653,0.746152,0.000000,7.736882,3.017548,0.574577,1.000000;;
          }

          Frame r_Index02 {
           

           FrameTransformMatrix {
            0.667641,0.000000,0.744483,0.000000,-0.000000,1.000000,0.000000,0.000000,-0.744484,0.000000,0.667641,0.000000,3.106232,-0.000011,0.000004,1.000000;;
           }

           Frame r_Index03 {
            

            FrameTransformMatrix {
             0.988637,-0.000000,0.150321,0.000000,0.000000,1.000000,0.000000,0.000000,-0.150321,-0.000000,0.988637,0.000000,1.993103,0.000004,0.000004,1.000000;;
            }
           }
          }
         }

         Frame r_Middle01 {
          

          FrameTransformMatrix {
           0.946662,-0.031558,0.320680,0.000000,-0.107268,0.907568,0.405974,0.000000,-0.303850,-0.418719,0.855774,0.000000,7.764706,0.997887,0.044746,1.000000;;
          }

          Frame r_Middle02 {
           

           FrameTransformMatrix {
            0.371537,0.000000,0.928418,0.000000,0.000000,1.000000,0.000000,0.000000,-0.928418,-0.000000,0.371537,0.000000,3.627914,0.000011,0.000000,1.000000;;
           }

           Frame r_Middle03 {
            

            FrameTransformMatrix {
             0.796374,0.000000,0.604805,0.000000,0.000000,1.000000,-0.000000,0.000000,-0.604805,-0.000000,0.796374,0.000000,2.149780,-0.000008,0.000004,1.000000;;
            }
           }
          }
         }

         Frame r_Ring01 {
          

          FrameTransformMatrix {
           0.900781,-0.040206,0.432408,0.000000,-0.047550,0.980587,0.190232,0.000000,-0.431662,-0.191918,0.881382,0.000000,7.684692,-0.918919,-0.028694,1.000000;;
          }

          Frame r_Ring02 {
           

           FrameTransformMatrix {
            0.487894,-0.000000,0.872903,0.000000,0.000000,1.000000,0.000000,0.000000,-0.872903,0.000000,0.487894,0.000000,2.978447,0.000000,0.000004,1.000000;;
           }

           Frame r_Ring03 {
            

            FrameTransformMatrix {
             0.411810,0.000000,0.911270,0.000000,0.000000,1.000000,0.000000,0.000000,-0.911270,0.000000,0.411810,0.000000,1.803238,0.000004,-0.000011,1.000000;;
            }
           }
          }
         }

         Frame r_Pinkie01 {
          

          FrameTransformMatrix {
           0.851454,0.031359,0.523491,0.000000,-0.103626,0.988589,0.109327,0.000000,-0.514089,-0.147335,0.844988,0.000000,7.475574,-2.600239,0.206718,1.000000;;
          }

          Frame r_Pinkie02 {
           

           FrameTransformMatrix {
            0.546239,-0.000000,0.837630,0.000000,0.000000,1.000000,0.000000,0.000000,-0.837630,-0.000000,0.546239,0.000000,1.820976,-0.000004,0.000008,1.000000;;
           }

           Frame r_Pinkie03 {
            

            FrameTransformMatrix {
             0.365966,-0.000000,0.930628,0.000000,-0.000000,1.000000,0.000000,0.000000,-0.930628,0.000000,0.365966,0.000000,1.721962,0.000004,0.000004,1.000000;;
            }
           }
          }
         }
        }

        Frame R_Forearm_Twist {
         

         FrameTransformMatrix {
          1.000000,0.000004,0.000086,0.000000,0.000004,0.996332,-0.085570,0.000000,-0.000086,0.085570,0.996332,0.000000,11.565384,-0.000015,-0.000008,1.000000;;
         }
        }
       }
      }
     }
    }
   }
  }
 }
}

Frame Skel_Lilith {
 

 FrameTransformMatrix {
  1.000000,0.000000,0.000000,0.000000,0.000000,1.000000,0.000000,0.000000,0.000000,0.000000,1.000000,0.000000,0.000000,0.000000,0.000000,1.000000;;
 }

 Mesh Skel_Lilith {
  9719;
  35.935315;146.522458;-5.624553;,
  36.012582;146.209498;-5.610466;,
  36.008576;146.488307;-5.637588;,
  36.624874;146.077363;-6.169905;,
  36.418106;146.267776;-6.215300;,
  36.515568;146.383974;-6.270691;,
  36.393459;146.146624;-6.129013;,
  34.897229;144.115878;-5.445837;,
  34.832138;144.116557;-5.182739;,
  35.037898;144.068544;-5.331743;,
  34.683779;144.094554;-5.240233;,
  34.751686;144.137690;-5.094262;,
  34.646525;144.155866;-5.109333;,
  34.671440;144.081766;-5.100955;,
  34.751686;144.137690;-5.094262;,
  34.489731;143.824269;-5.579851;,
  35.072806;144.065280;-5.661297;,
  34.480122;143.976256;-5.029754;,
  34.613350;144.188467;-5.107020;,
  34.561011;144.312589;-5.203774;,
  34.671440;144.081766;-5.100955;,
  34.733450;144.155507;-5.184892;,
  34.868502;144.106944;-5.276876;,
  35.041878;144.064947;-5.437035;,
  34.819530;143.772442;-6.234346;,
  35.290931;144.062912;-6.262082;,
  35.300803;144.011776;-6.509994;,
  35.204243;144.054144;-5.986886;,
  33.525245;143.191424;-6.074913;,
  32.991658;143.451840;-5.173897;,
  32.786778;143.966950;-4.536845;,
  35.274301;143.941210;-6.826889;,
  35.465114;143.937856;-6.499188;,
  35.446579;143.875661;-6.830560;,
  35.443504;144.001984;-6.169686;,
  35.374400;144.028646;-5.841014;,
  35.443504;144.001984;-6.169686;,
  35.234445;144.017024;-5.547928;,
  34.721306;143.542861;-6.789866;,
  33.608154;143.076941;-6.729263;,
  32.311738;142.628826;-6.662601;,
  31.769955;143.654874;-4.255400;,
  31.946608;145.151936;-3.891036;,
  30.594899;145.263488;-5.160483;,
  31.960656;145.979123;-4.740249;,
  30.260915;144.111155;-6.652082;,
  32.285786;146.631270;-6.831602;,
  30.480122;145.135360;-8.254381;,
  31.827430;145.935091;-8.568084;,
  30.236829;146.144410;-6.735414;,
  30.260915;144.111155;-6.652082;,
  33.648131;146.027085;-6.006138;,
  33.259846;145.861990;-5.170192;,
  33.872512;145.970624;-6.863109;,
  34.700019;144.287155;-5.925438;,
  34.870986;144.200666;-6.822667;,
  33.585178;145.956838;-7.702872;,
  35.269021;143.992090;-5.745750;,
  35.463408;143.983219;-6.048117;,
  35.482486;144.036800;-6.434085;,
  35.563811;143.970842;-6.838854;,
  35.452570;144.003405;-7.240556;,
  34.633840;144.213222;-7.708870;,
  33.140819;145.729075;-8.378497;,
  35.405168;143.918157;-7.618314;,
  35.188867;143.902618;-7.905152;,
  34.441779;144.179456;-8.417886;,
  34.544976;143.940557;-8.509193;,
  34.612803;144.020800;-8.436468;,
  34.754435;143.979610;-8.351004;,
  34.939318;143.950413;-8.201187;,
  34.487171;144.047603;-8.507681;,
  34.520547;144.015232;-8.505150;,
  34.624336;143.995520;-8.526408;,
  34.567555;143.964838;-8.372731;,
  34.711181;143.981504;-8.442655;,
  34.795571;144.002394;-8.185958;,
  34.927552;143.945344;-8.305854;,
  34.349254;143.830080;-8.557090;,
  34.399997;143.724070;-7.998532;,
  34.986768;143.969190;-7.980641;,
  34.777472;143.725478;-7.368200;,
  35.141965;143.984602;-7.665847;,
  35.248730;144.015757;-7.399492;,
  35.139712;143.911283;-8.101276;,
  35.300915;143.946624;-7.821301;,
  35.394237;143.946957;-7.497575;,
  35.277066;143.985293;-7.149616;,
  34.721306;143.542861;-6.789866;,
  33.608154;143.076941;-6.729263;,
  35.274301;143.941210;-6.826889;,
  35.440352;143.910221;-7.166413;,
  35.446579;143.875661;-6.830560;,
  33.476707;143.137267;-7.382910;,
  32.311738;142.628826;-6.662601;,
  32.877152;143.323981;-8.260416;,
  31.590234;143.454234;-9.099636;,
  32.624134;143.785344;-8.920928;,
  31.734854;144.915494;-9.598460;,
  30.260915;144.111155;-6.652082;,
  30.260915;144.111155;-6.652082;,
  37.276874;145.947251;-6.333465;,
  37.009450;146.132877;-6.079326;,
  36.961718;145.917389;-6.149680;,
  37.212960;145.685978;-6.647214;,
  37.526330;145.943667;-6.600784;,
  37.109859;145.805670;-6.410517;,
  36.857043;146.017498;-6.308665;,
  36.624874;146.077363;-6.169905;,
  36.515568;146.383974;-6.270691;,
  36.913728;145.507085;-6.956746;,
  37.188698;145.658854;-7.301270;,
  37.179997;145.641843;-6.972207;,
  37.534928;145.894323;-6.995828;,
  37.729990;146.282394;-6.586949;,
  37.379933;146.219328;-6.311940;,
  37.054326;146.387328;-6.066063;,
  37.415597;146.460608;-6.304384;,
  37.496986;145.910861;-7.391874;,
  37.752794;146.584806;-6.622438;,
  37.835120;146.287027;-7.023233;,
  37.698026;146.246707;-7.448688;,
  37.228426;145.893158;-7.639407;,
  37.068010;145.758912;-7.538780;,
  36.937430;145.771802;-7.424416;,
  36.873523;146.037760;-7.454998;,
  36.654413;146.276096;-7.546010;,
  36.807686;145.962406;-7.638793;,
  36.900621;145.849152;-7.796282;,
  36.942378;146.057958;-7.887529;,
  37.328762;146.162189;-7.690889;,
  37.722458;146.550950;-7.440095;,
  37.812691;146.614182;-7.035961;,
  36.699616;146.227917;-7.333824;,
  36.384317;146.205018;-7.378174;,
  36.463203;146.325453;-7.681551;,
  36.565712;146.011264;-7.764456;,
  36.615245;145.840474;-7.879831;,
  36.739581;145.861811;-7.322138;,
  36.362282;146.205478;-7.719786;,
  36.279146;146.104678;-7.584750;,
  36.467408;145.839872;-7.400997;,
  36.745667;145.560947;-7.201039;,
  36.970115;145.570202;-7.236892;,
  36.697923;145.475738;-6.947435;,
  36.565421;145.550669;-7.215492;,
  36.359507;145.732096;-7.462980;,
  36.228765;145.792806;-7.596731;,
  36.256896;145.924531;-7.662255;,
  36.331686;146.077658;-7.793706;,
  36.543178;145.471590;-6.941526;,
  36.393699;145.458266;-6.935417;,
  36.342525;145.543322;-7.340720;,
  36.134038;145.603123;-7.751376;,
  36.202048;145.691776;-7.827477;,
  36.382086;145.766195;-7.870943;,
  36.300042;145.816346;-8.146230;,
  36.610832;145.934912;-8.044038;,
  36.249338;145.107494;-7.348330;,
  36.226877;145.262746;-6.918579;,
  36.195107;145.035520;-6.907188;,
  36.250419;145.310669;-7.336212;,
  36.082246;145.278784;-7.801087;,
  35.877488;145.695194;-8.164676;,
  36.041386;145.745626;-8.156641;,
  36.198291;146.142413;-8.272985;,
  35.759338;146.035430;-8.296678;,
  35.913306;146.098637;-8.286075;,
  36.146835;146.434752;-8.247860;,
  36.590838;146.208525;-8.125537;,
  36.281101;145.344883;-6.509413;,
  36.372374;145.576691;-6.535892;,
  36.585392;145.572979;-6.677433;,
  36.282112;144.942157;-6.448209;,
  36.163322;144.808256;-6.895785;,
  36.281610;145.143539;-6.478812;,
  36.147952;145.352179;-6.030050;,
  36.194659;145.670874;-6.117251;,
  36.397792;145.774835;-6.431202;,
  36.500496;145.876787;-6.509704;,
  36.277110;145.846835;-6.293640;,
  36.144189;145.127334;-5.966823;,
  36.140378;144.902400;-5.903586;,
  36.282112;144.942157;-6.448209;,
  35.815978;144.786586;-5.409633;,
  35.513882;144.852237;-4.905957;,
  35.515338;144.558502;-4.905612;,
  35.857926;144.345805;-5.306917;,
  35.793280;145.153702;-5.393081;,
  35.755501;145.549158;-5.332152;,
  35.969120;145.797542;-5.695136;,
  36.267846;145.765222;-6.053993;,
  36.131818;145.846618;-5.719404;,
  35.860016;146.147840;-5.583316;,
  36.295674;146.251187;-5.648165;,
  36.012582;146.209498;-5.610466;,
  35.935315;146.522458;-5.624553;,
  35.787149;146.035891;-5.471720;,
  36.309600;145.983373;-6.241480;,
  36.450371;145.842432;-6.030249;,
  36.388765;145.915456;-5.754742;,
  36.325507;146.156467;-6.335034;,
  36.418106;146.267776;-6.215300;,
  36.393459;146.146624;-6.129013;,
  36.683315;145.916467;-6.044798;,
  36.690797;146.024230;-5.889058;,
  36.241600;146.540621;-5.693480;,
  36.008576;146.488307;-5.637588;,
  36.676026;146.303654;-5.829221;,
  36.607123;146.579046;-5.857634;,
  37.027549;146.654170;-6.061553;,
  36.443891;146.856090;-5.954470;,
  36.161763;146.759296;-5.774162;,
  37.192048;147.188352;-6.355678;,
  36.844765;146.990042;-6.127655;,
  36.318154;147.133427;-5.910923;,
  36.085306;146.923430;-5.704320;,
  35.840973;146.567565;-5.453174;,
  35.840362;146.741786;-5.420064;,
  35.705750;146.433293;-5.006978;,
  35.696509;146.812378;-4.920585;,
  35.527546;146.535053;-4.373685;,
  36.646835;147.370778;-6.087681;,
  36.958390;147.631808;-6.423247;,
  35.821197;147.395046;-5.340412;,
  35.839766;146.915981;-5.386943;,
  36.467309;147.874355;-6.101609;,
  35.992829;148.126362;-5.797522;,
  36.111638;147.484211;-5.765366;,
  36.021622;147.058995;-5.590348;,
  36.053443;146.991194;-5.647326;,
  36.214896;147.308826;-5.838152;,
  36.557075;147.622605;-6.094651;,
  36.855456;147.876006;-6.452292;,
  37.122013;147.753626;-6.703962;,
  37.021014;148.002214;-6.737332;,
  36.752515;148.120179;-6.481343;,
  36.280698;148.365261;-6.152384;,
  36.499728;148.648051;-6.515877;,
  36.920013;148.250790;-6.770707;,
  37.028077;148.040358;-7.062509;,
