xof 0303txt 0032
template ColorRGBA {
 <35ff44e0-6c7c-11cf-8f52-0040333594a3>
 FLOAT red;
 FLOAT green;
 FLOAT blue;
 FLOAT alpha;
}

template ColorRGB {
 <d3e16e81-7835-11cf-8f52-0040333594a3>
 FLOAT red;
 FLOAT green;
 FLOAT blue;
}

template Material {
 <3d82ab4d-62da-11cf-ab39-0020af71e433>
 ColorRGBA faceColor;
 FLOAT power;
 ColorRGB specularColor;
 ColorRGB emissiveColor;
 [...]
}

template TextureFilename {
 <a42790e1-7810-11cf-8f52-0040333594a3>
 STRING filename;
}

template Frame {
 <3d82ab46-62da-11cf-ab39-0020af71e433>
 [...]
}

template Matrix4x4 {
 <f6f23f45-7686-11cf-8f52-0040333594a3>
 array FLOAT matrix[16];
}

template FrameTransformMatrix {
 <f6f23f41-7686-11cf-8f52-0040333594a3>
 Matrix4x4 frameMatrix;
}

template Vector {
 <3d82ab5e-62da-11cf-ab39-0020af71e433>
 FLOAT x;
 FLOAT y;
 FLOAT z;
}

template MeshFace {
 <3d82ab5f-62da-11cf-ab39-0020af71e433>
 DWORD nFaceVertexIndices;
 array DWORD faceVertexIndices[nFaceVertexIndices];
}

template Mesh {
 <3d82ab44-62da-11cf-ab39-0020af71e433>
 DWORD nVertices;
 array Vector vertices[nVertices];
 DWORD nFaces;
 array MeshFace faces[nFaces];
 [...]
}

template MeshNormals {
 <f6f23f43-7686-11cf-8f52-0040333594a3>
 DWORD nNormals;
 array Vector normals[nNormals];
 DWORD nFaceNormals;
 array MeshFace faceNormals[nFaceNormals];
}

template MeshMaterialList {
 <f6f23f42-7686-11cf-8f52-0040333594a3>
 DWORD nMaterials;
 DWORD nFaceIndexes;
 array DWORD faceIndexes[nFaceIndexes];
 [Material <3d82ab4d-62da-11cf-ab39-0020af71e433>]
}

template Coords2d {
 <f6f23f44-7686-11cf-8f52-0040333594a3>
 FLOAT u;
 FLOAT v;
}

template MeshTextureCoords {
 <f6f23f40-7686-11cf-8f52-0040333594a3>
 DWORD nTextureCoords;
 array Coords2d textureCoords[nTextureCoords];
}

template XSkinMeshHeader {
 <3cf169ce-ff7c-44ab-93c0-f78f62d172e2>
 WORD nMaxSkinWeightsPerVertex;
 WORD nMaxSkinWeightsPerFace;
 WORD nBones;
}

template SkinWeights {
 <6f0d123b-bad2-4167-a0d0-80224f25fabb>
 STRING transformNodeName;
 DWORD nWeights;
 array DWORD vertexIndices[nWeights];
 array FLOAT weights[nWeights];
 Matrix4x4 matrixOffset;
}

template AnimTicksPerSecond {
 <9e415a43-7ba6-4a73-8743-b73d47e88476>
 DWORD AnimTicksPerSecond;
}

template Animation {
 <3d82ab4f-62da-11cf-ab39-0020af71e433>
 [...]
}

template AnimationSet {
 <3d82ab50-62da-11cf-ab39-0020af71e433>
 [Animation <3d82ab4f-62da-11cf-ab39-0020af71e433>]
}

template FloatKeys {
 <10dd46a9-775b-11cf-8f52-0040333594a3>
 DWORD nValues;
 array FLOAT values[nValues];
}

template TimedFloatKeys {
 <f406b180-7b3b-11cf-8f52-0040333594a3>
 DWORD time;
 FloatKeys tfkeys;
}

template AnimationKey {
 <10dd46a8-775b-11cf-8f52-0040333594a3>
 DWORD keyType;
 DWORD nKeys;
 array TimedFloatKeys keys[nKeys];
}


Material Mati_Lilith_Head {
 1.000000;1.000000;1.000000;1.000000;;
 10.000000;
 0.000000;0.000000;0.000000;;
 0.000000;0.000000;0.000000;;

 TextureFilename {
  "Lilith_Head_D.tga";
 }
}

Material Mati_Lilith_Body {
 1.000000;1.000000;1.000000;1.000000;;
 10.000000;
 0.000000;0.000000;0.000000;;
 0.000000;0.000000;0.000000;;

 TextureFilename {
  "Lilith_Body_D.tga";
 }
}

Frame Root {
 

 FrameTransformMatrix {
  0.000000,0.000000,1.000000,0.000000,0.000000,1.000000,0.000000,0.000000,-1.000000,0.000000,0.000000,0.000000,0.000000,0.000000,0.000000,1.000000;;
 }

 Frame Hips {
  

  FrameTransformMatrix {
   0.094036,0.995165,-0.028348,0.000000,0.266602,0.002263,0.963804,0.000000,0.959209,-0.098190,-0.265100,0.000000,-2.668050,88.040320,1.346158,1.000000;;
  }

  Frame L_Thigh {
   

   FrameTransformMatrix {
    -0.708689,0.397506,0.582880,0.000000,-0.256023,-0.914749,0.312547,0.000000,0.657428,0.072268,0.750043,0.000000,-0.000008,8.808514,0.000015,1.000000;;
   }

   Frame L_Shin {
    

    FrameTransformMatrix {
     0.714798,-0.000000,-0.699330,0.000000,0.000000,1.000000,0.000000,0.000000,0.699330,-0.000000,0.714799,0.000000,44.042582,-0.000004,-0.000004,1.000000;;
    }

    Frame L_Foot {
     

     FrameTransformMatrix {
      0.955832,0.276050,0.100907,0.000000,-0.268693,0.959843,-0.080658,0.000000,-0.119121,0.049982,0.991621,0.000000,44.042595,-0.000004,-0.000002,1.000000;;
     }

     Frame L_Toe {
      

      FrameTransformMatrix {
       -0.001752,0.000000,0.999999,0.000000,0.000000,1.000000,-0.000000,0.000000,-0.999999,0.000000,-0.001752,0.000000,12.674314,0.000004,14.510307,1.000000;;
      }
     }
    }
   }
  }

  Frame R_Thigh {
   

   FrameTransformMatrix {
    -0.785272,-0.427765,0.447621,0.000000,0.298378,-0.894928,-0.331777,0.000000,0.542511,-0.126975,0.830397,0.000000,0.000023,-8.808520,-0.000011,1.000000;;
   }

   Frame R_Shin {
    

    FrameTransformMatrix {
     0.636880,0.000000,-0.770963,0.000000,0.000000,1.000000,0.000000,0.000000,0.770963,0.000000,0.636881,0.000000,44.042602,0.000004,-0.000008,1.000000;;
    }

    Frame R_Foot {
     

     FrameTransformMatrix {
      0.889275,-0.316391,0.330282,0.000000,0.317677,0.946792,0.051634,0.000000,-0.329045,0.059006,0.942469,0.000000,44.042602,0.000008,0.000000,1.000000;;
     }

     Frame R_Toe {
      

      FrameTransformMatrix {
       0.005724,-0.000000,0.999984,0.000000,0.000000,1.000000,0.000000,0.000000,-0.999984,0.000000,0.005724,0.000000,12.674318,-0.000008,14.510301,1.000000;;
      }
     }
    }
   }
  }

  Frame Spine1 {
   

   FrameTransformMatrix {
    0.997419,0.000008,0.071794,0.000000,0.000008,1.000000,-0.000220,0.000000,-0.071794,0.000220,0.997419,0.000000,10.129776,0.134055,-0.012125,1.000000;;
   }

   Frame Spine2 {
    

    FrameTransformMatrix {
     0.906406,0.025156,0.421659,0.000000,-0.023816,0.999681,-0.008446,0.000000,-0.421737,-0.002387,0.906715,0.000000,15.273202,0.000028,-0.011026,1.000000;;
    }

    Frame Spine3 {
     

     FrameTransformMatrix {
      0.999594,-0.027888,-0.005808,0.000000,0.028173,0.997994,0.056709,0.000000,0.004214,-0.056849,0.998374,0.000000,15.268043,0.000692,-0.012138,1.000000;;
     }

     Frame Neck {
      

      FrameTransformMatrix {
       0.989245,0.033909,0.142282,0.000000,-0.026272,0.998128,-0.055220,0.000000,-0.143888,0.050888,0.988285,0.000000,15.268005,-0.000378,-1.451859,1.000000;;
      }

      Frame Head {
       

       FrameTransformMatrix {
        0.888103,0.000037,-0.459644,0.000000,-0.105068,0.973540,-0.202929,0.000000,0.447475,0.228515,0.864608,0.000000,9.282616,0.000000,0.000000,1.000000;;
       }

       Frame FaceBaseBone {
        

        FrameTransformMatrix {
         0.996195,-0.000001,-0.087156,0.000000,0.000001,1.000000,-0.000000,0.000000,0.087156,0.000000,0.996195,0.000000,6.810120,-0.000000,7.077458,1.000000;;
        }

        Frame Jaw {
         

         FrameTransformMatrix {
          0.968790,0.000000,0.247882,0.000000,-0.000000,1.000000,-0.000001,0.000000,-0.247882,0.000000,0.968790,0.000000,-3.341003,0.000013,-4.710544,1.000000;;
         }

         Frame LowerLip {
          

          FrameTransformMatrix {
           0.529589,0.000001,0.848254,0.000000,-0.848254,0.000001,0.529589,0.000000,-0.000000,-1.000000,0.000001,0.000000,-0.476440,-0.001460,8.661838,1.000000;;
          }
         }

         Frame lLowerLip {
          

          FrameTransformMatrix {
           0.222465,0.383927,0.896164,0.000000,-0.971924,0.015076,0.234813,0.000000,0.076641,-0.923241,0.376501,0.000000,-0.381454,0.748551,8.421930,1.000000;;
          }
         }

         Frame lLowerLipCorner {
          

          FrameTransformMatrix {
           -0.041812,0.451263,0.891411,0.000000,-0.991400,-0.129473,0.019041,0.000000,0.124006,-0.882949,0.452795,0.000000,-0.373474,1.488693,8.078512,1.000000;;
          }
         }

         Frame LowerLipFold {
          

          FrameTransformMatrix {
           -0.017619,0.000000,0.999845,0.000000,0.999845,-0.000001,0.017619,0.000000,0.000001,1.000000,-0.000000,0.000000,-1.581345,-0.000074,8.189083,1.000000;;
          }
         }

         Frame lLowerMouthFold {
          

          FrameTransformMatrix {
           -0.177772,0.476473,0.861029,0.000000,0.927725,-0.210676,0.308126,0.000000,0.328212,0.853574,-0.404584,0.000000,-1.225266,0.896168,8.232931,1.000000;;
          }
         }

         Frame rLowerLip {
          

          FrameTransformMatrix {
           0.222464,-0.383928,0.896164,0.000000,0.971924,0.015074,-0.234813,0.000000,0.076643,0.923240,0.376502,0.000000,-0.381210,-0.748543,8.423814,1.000000;;
          }
         }

         Frame rLowerLipCorner {
          

          FrameTransformMatrix {
           -0.041815,-0.451264,0.891410,0.000000,0.991400,-0.129476,-0.019040,0.000000,0.124009,0.882948,0.452797,0.000000,-0.373230,-1.488724,8.078621,1.000000;;
          }
         }

         Frame rLowerMouthFold {
          

          FrameTransformMatrix {
           -0.177769,-0.476472,0.861030,0.000000,-0.927726,-0.210677,-0.308122,0.000000,0.328210,-0.853575,-0.404583,0.000000,-1.225235,-0.895955,8.232912,1.000000;;
          }
         }
        }

        Frame lNasalLabiaFold {
         

         FrameTransformMatrix {
          -0.037777,0.214477,0.975998,0.000000,0.578303,0.801216,-0.153685,0.000000,-0.814947,0.558617,-0.154300,0.000000,-4.047852,2.703178,2.354282,1.000000;;
         }
        }

        Frame lMouthCorner {
         

         FrameTransformMatrix {
          -0.097380,0.571056,0.815115,0.000000,-0.126925,0.805194,-0.579269,0.000000,-0.987121,-0.159867,-0.005929,0.000000,-5.544327,2.077909,2.473944,1.000000;;
         }
        }

        Frame lUpperLip {
         

         FrameTransformMatrix {
          -0.009990,0.443617,0.896161,0.000000,0.996467,0.079157,-0.028077,0.000000,-0.083393,0.892714,-0.442840,0.000000,-5.240250,0.755234,3.341038,1.000000;;
         }
        }

        Frame Upperlip {
         

         FrameTransformMatrix {
          -0.025813,0.000000,0.999667,0.000000,0.999667,-0.000001,0.025813,0.000000,0.000001,1.000000,0.000000,0.000000,-5.227356,-0.001800,3.474058,1.000000;;
         }
        }

        Frame lUpperLipCorner {
         

         FrameTransformMatrix {
          -0.098635,0.770119,0.630228,0.000000,0.960723,0.238773,-0.141413,0.000000,-0.259386,0.591527,-0.763423,0.000000,-5.302384,1.301098,3.036366,1.000000;;
         }
        }

        Frame lLowerLabiFold {
         

         FrameTransformMatrix {
          -0.198880,0.611699,0.765684,0.000000,0.070251,0.788179,-0.611423,0.000000,-0.977503,-0.067810,-0.199725,0.000000,-5.617950,3.265738,1.626968,1.000000;;
         }
        }

        Frame UpperLipFold {
         

         FrameTransformMatrix {
          0.301767,-0.000000,0.953382,0.000000,0.953382,-0.000001,-0.301767,0.000000,0.000001,1.000000,-0.000000,0.000000,-4.315140,-0.004119,3.549988,1.000000;;
         }
        }

        Frame lSneer {
         

         FrameTransformMatrix {
          0.252360,0.295149,0.921521,0.000000,0.952812,0.090250,-0.289835,0.000000,-0.168711,0.951179,-0.258446,0.000000,-4.236771,1.249015,3.166027,1.000000;;
         }
        }

        Frame lCheekBone {
         

         FrameTransformMatrix {
          0.095301,0.550474,0.829395,0.000000,0.993833,-0.005166,-0.110767,0.000000,-0.056690,0.834836,-0.547572,0.000000,-2.120316,4.685599,1.696272,1.000000;;
         }
        }

        Frame lCheek {
         

         FrameTransformMatrix {
          -0.211471,0.898172,0.385445,0.000000,-0.106265,-0.413155,0.904440,0.000000,0.971590,0.150303,0.182814,0.000000,-5.507141,4.670605,-0.207869,1.000000;;
         }
        }

        Frame lNasalFlare {
         

         FrameTransformMatrix {
          0.192503,-0.779644,0.595901,0.000000,0.892680,-0.113048,-0.436282,0.000000,0.407510,0.615935,0.674211,0.000000,-3.139755,1.411157,2.955173,1.000000;;
         }
        }

        Frame lLowerInsideEyelid {
         

         FrameTransformMatrix {
          -0.068418,-0.125038,0.989790,0.000000,0.997565,0.004885,0.069572,0.000000,-0.013535,0.992140,0.124399,0.000000,-0.157074,2.520580,1.863281,1.000000;;
         }
        }

        Frame lLowerOutsideEyelid {
         

         FrameTransformMatrix {
          -0.015124,0.365248,0.930787,0.000000,0.992268,-0.109201,0.058974,0.000000,0.123183,0.924483,-0.360773,0.000000,-0.095078,4.090360,1.664398,1.000000;;
         }
        }

        Frame lUpperInsideEylid {
         

         FrameTransformMatrix {
          0.191514,-0.236462,0.952579,0.000000,-0.947641,0.208139,0.242189,0.000000,-0.255537,-0.949086,-0.184220,0.000000,0.743195,2.614360,1.964647,1.000000;;
         }
        }

        Frame lUpperOutsideEyelid {
         

         FrameTransformMatrix {
          0.335378,0.633547,0.697237,0.000000,-0.913218,0.036827,0.405804,0.000000,0.231419,-0.772828,0.590917,0.000000,0.755997,4.171827,1.493643,1.000000;;
         }
        }

        Frame lEye {
         

         FrameTransformMatrix {
          0.091261,-0.069157,0.993423,0.000000,-0.002682,-0.997599,-0.069202,0.000000,0.995823,0.003651,-0.091227,0.000000,0.340576,3.129588,0.419798,1.000000;;
         }
        }

        Frame lInnerBrow {
         

         FrameTransformMatrix {
          0.050671,-0.000000,0.998715,0.000000,0.964587,-0.259187,-0.048939,0.000000,0.258853,0.965827,-0.013133,0.000000,1.909714,1.173616,2.774216,1.000000;;
         }
        }

        Frame lBrow {
         

         FrameTransformMatrix {
          0.143188,0.383734,0.912275,0.000000,0.989677,-0.049834,-0.134376,0.000000,-0.006102,0.922099,-0.386908,0.000000,2.542557,3.326786,2.213882,1.000000;;
         }
        }

        Frame lOuterBrow {
         

         FrameTransformMatrix {
          0.236372,0.805599,0.543266,0.000000,0.911613,0.009643,-0.410936,0.000000,-0.336289,0.592383,-0.732115,0.000000,1.994431,4.714213,1.134071,1.000000;;
         }
        }

        Frame lCrowfeet {
         

         FrameTransformMatrix {
          0.078576,0.865254,0.495138,0.000000,-0.037500,-0.493757,0.868791,0.000000,0.996203,-0.086833,-0.006351,0.000000,0.431366,4.962703,0.367603,1.000000;;
         }
        }

        Frame lForeHead {
         

         FrameTransformMatrix {
          0.195754,-0.023457,0.980372,0.000000,0.955557,-0.220155,-0.196067,0.000000,0.220433,0.975183,-0.020682,0.000000,4.167999,2.316687,2.334557,1.000000;;
         }
        }

        Frame Nose {
         

         FrameTransformMatrix {
          0.097805,-0.000001,0.995206,0.000000,0.995206,-0.000000,-0.097805,0.000000,-0.000000,1.000000,0.000001,0.000000,-2.529526,-0.000502,4.526218,1.000000;;
         }
        }

        Frame rEye {
         

         FrameTransformMatrix {
          0.099001,-0.063856,0.993037,0.000000,0.003693,0.997956,0.063804,0.000000,-0.995080,-0.002649,0.099035,0.000000,0.340576,-3.129531,0.419800,1.000000;;
         }
        }

        Frame rNasalLabiaFold {
         

         FrameTransformMatrix {
          -0.037776,-0.214474,0.975999,0.000000,-0.578303,0.801216,0.153682,0.000000,-0.814947,-0.558618,-0.154298,0.000000,-4.047790,-2.703098,2.354300,1.000000;;
         }
        }

        Frame rMouthCorner {
         

         FrameTransformMatrix {
          -0.097380,-0.571056,0.815115,0.000000,0.126925,0.805194,0.579269,0.000000,-0.987121,0.159868,-0.005929,0.000000,-5.544250,-2.077916,2.473967,1.000000;;
         }
        }

        Frame rUpperLip {
         

         FrameTransformMatrix {
          -0.009990,-0.443612,0.896163,0.000000,-0.996467,0.079158,0.028076,0.000000,-0.083393,-0.892716,-0.442836,0.000000,-5.240219,-0.755192,3.341036,1.000000;;
         }
        }

        Frame rUpperLipCorner {
         

         FrameTransformMatrix {
          -0.098636,-0.770119,0.630228,0.000000,-0.960723,0.238774,0.141413,0.000000,-0.259387,-0.591527,-0.763423,0.000000,-5.302429,-1.301102,3.036354,1.000000;;
         }
        }

        Frame rLowerLabiFold {
         

         FrameTransformMatrix {
          -0.198880,-0.611698,0.765684,0.000000,-0.070250,0.788179,0.611423,0.000000,-0.977503,0.067810,-0.199725,0.000000,-5.617966,-3.265730,1.626965,1.000000;;
         }
        }

        Frame rSneer {
         

         FrameTransformMatrix {
          0.252361,-0.295150,0.921521,0.000000,-0.952812,0.090250,0.289836,0.000000,-0.168713,-0.951179,-0.258447,0.000000,-4.236847,-1.249014,3.166035,1.000000;;
         }
        }

        Frame rCheekBone {
         

         FrameTransformMatrix {
          0.095300,-0.550474,0.829395,0.000000,-0.993833,-0.005166,0.110766,0.000000,-0.056689,-0.834837,-0.547571,0.000000,-2.120239,-4.685606,1.696280,1.000000;;
         }
        }

        Frame rCheek {
         

         FrameTransformMatrix {
          -0.211471,-0.898170,0.385449,0.000000,0.106265,-0.413159,-0.904438,0.000000,0.971591,-0.150302,0.182815,0.000000,-5.507141,-4.670555,-0.207827,1.000000;;
         }
        }

        Frame rNasalFlare {
         

         FrameTransformMatrix {
          0.192503,0.779646,0.595899,0.000000,-0.892680,-0.113047,0.436282,0.000000,0.407510,-0.615933,0.674212,0.000000,-3.139618,-1.411181,2.955166,1.000000;;
         }
        }

        Frame rLowerInsideEyelid {
         

         FrameTransformMatrix {
          -0.068418,0.125038,0.989790,0.000000,-0.997565,0.004886,-0.069572,0.000000,-0.013535,-0.992140,0.124399,0.000000,-0.157104,-2.520568,1.863283,1.000000;;
         }
        }

        Frame rLowerOutsideEyelid {
         

         FrameTransformMatrix {
          -0.015123,-0.365248,0.930788,0.000000,-0.992269,-0.109200,-0.058973,0.000000,0.123181,-0.924483,-0.360773,0.000000,-0.095093,-4.090322,1.664414,1.000000;;
         }
        }

        Frame rUpperInsideEylid {
         

         FrameTransformMatrix {
          0.191515,0.236462,0.952579,0.000000,0.947641,0.208138,-0.242188,0.000000,-0.255537,0.949086,-0.184220,0.000000,0.743164,-2.614381,1.964642,1.000000;;
         }
        }

        Frame rUpperOutsideEyelid {
         

         FrameTransformMatrix {
          0.335378,-0.633547,0.697237,0.000000,0.913217,0.036826,-0.405805,0.000000,0.231420,0.772827,0.590917,0.000000,0.756058,-4.171834,1.493641,1.000000;;
         }
        }

        Frame rInnerBrow {
         

         FrameTransformMatrix {
          0.050671,0.000000,0.998715,0.000000,-0.964587,-0.259185,0.048940,0.000000,0.258852,-0.965828,-0.013133,0.000000,1.909729,-1.173602,2.774206,1.000000;;
         }
        }

        Frame rBrow {
         

         FrameTransformMatrix {
          0.143189,-0.383733,0.912275,0.000000,-0.989677,-0.049833,0.134376,0.000000,-0.006103,-0.922099,-0.386907,0.000000,2.542572,-3.326794,2.213875,1.000000;;
         }
        }

        Frame rOuterBrow {
         

         FrameTransformMatrix {
          0.236373,-0.805597,0.543270,0.000000,-0.911613,0.009644,0.410937,0.000000,-0.336289,-0.592386,-0.732112,0.000000,1.994431,-4.714114,1.134092,1.000000;;
         }
        }

        Frame rCrowfeet {
         

         FrameTransformMatrix {
          0.078575,-0.865252,0.495141,0.000000,0.037501,-0.493760,-0.868790,0.000000,0.996203,0.086833,-0.006349,0.000000,0.431351,-4.962619,0.367577,1.000000;;
         }
        }

        Frame rForeHead {
         

         FrameTransformMatrix {
          0.195753,0.023457,0.980373,0.000000,-0.955557,-0.220154,0.196066,0.000000,0.220433,-0.975183,-0.020681,0.000000,4.167969,-2.316693,2.334545,1.000000;;
         }
        }

        Frame ToungeBase {
         

         FrameTransformMatrix {
          -0.000000,1.000000,0.000000,0.000000,0.267951,0.000000,0.963432,0.000000,0.963432,0.000000,-0.267951,0.000000,-5.482574,0.000016,-2.237925,1.000000;;
         }

         Frame Tounge01 {
          

          FrameTransformMatrix {
           1.000000,0.000000,0.000000,0.000000,0.000000,0.978506,-0.206217,0.000000,-0.000000,0.206217,0.978506,0.000000,0.000002,1.941387,-0.144836,1.000000;;
          }

          Frame Tounge02 {
           

           FrameTransformMatrix {
            1.000000,-0.000000,-0.000000,0.000000,0.000000,0.970524,-0.241006,0.000000,0.000000,0.241006,0.970524,0.000000,-0.000003,1.079573,-0.148499,1.000000;;
           }

           Frame Tounge03 {
            

            FrameTransformMatrix {
             1.000000,0.000000,0.000000,0.000000,-0.000000,0.965962,-0.258686,0.000000,-0.000000,0.258686,0.965962,0.000000,0.000000,0.800629,-0.128250,1.000000;;
            }
           }
          }
         }
        }
       }
      }
     }

     Frame L_Clav {
      

      FrameTransformMatrix {
       -0.136682,0.919492,-0.368582,0.000000,0.990613,0.126193,-0.052542,0.000000,-0.001800,-0.372304,-0.928109,0.000000,13.245178,3.518130,0.001598,1.000000;;
      }

      Frame L_Upperarm {
       

       FrameTransformMatrix {
        0.713716,-0.683671,-0.152323,0.000000,0.693836,0.719853,0.020081,0.000000,0.095922,-0.120020,0.988127,0.000000,18.019485,-0.000008,-0.000011,1.000000;;
       }

       Frame L_Forearm {
        

        FrameTransformMatrix {
         0.563127,0.000000,-0.826370,0.000000,-0.000000,1.000000,-0.000000,0.000000,0.826370,0.000000,0.563127,0.000000,23.628086,-0.000008,-0.000008,1.000000;;
        }

        Frame L_Hand {
         

         FrameTransformMatrix {
          0.996690,-0.073917,0.033849,0.000000,-0.045726,-0.165418,0.985163,0.000000,-0.067221,-0.983450,-0.168250,0.000000,29.558470,-0.000015,-0.000017,1.000000;;
         }

         Frame L_Weapon_Bone {
          

          FrameTransformMatrix {
           1.000000,0.000000,0.000000,0.000000,-0.000000,-1.000000,0.000690,0.000000,0.000000,-0.000690,-1.000000,0.000000,6.152016,0.000000,4.350006,1.000000;;
          }
         }

         Frame l_Thumb01 {
          

          FrameTransformMatrix {
           0.651601,-0.394257,0.648057,0.000000,0.709160,0.013342,-0.704921,0.000000,0.269274,0.918903,0.288285,0.000000,2.159401,-2.769470,1.672379,1.000000;;
          }

          Frame l_Thumb02 {
           

           FrameTransformMatrix {
            0.999046,0.001060,-0.043662,0.000000,-0.000269,0.999836,0.018105,0.000000,0.043674,-0.018076,0.998882,0.000000,2.531723,0.000015,0.000015,1.000000;;
           }

           Frame l_Thumb03 {
            

            FrameTransformMatrix {
             0.999886,-0.005074,0.014218,0.000000,0.004878,0.999893,0.013789,0.000000,-0.014286,-0.013718,0.999804,0.000000,2.674370,-0.000004,-0.000015,1.000000;;
            }
           }
          }
         }

         Frame l_Ring01 {
          

          FrameTransformMatrix {
           0.989174,0.105347,0.102163,0.000000,-0.114814,0.989146,0.091697,0.000000,-0.091394,-0.102434,0.990533,0.000000,7.684685,0.918907,-0.028687,1.000000;;
          }

          Frame l_Ring02 {
           

           FrameTransformMatrix {
            0.999969,-0.000000,-0.007946,0.000000,-0.000000,1.000000,0.000000,0.000000,0.007946,0.000000,0.999968,0.000000,2.978424,0.000004,0.000015,1.000000;;
           }

           Frame l_Ring03 {
            

            FrameTransformMatrix {
             0.995726,-0.000000,0.092356,0.000000,0.000000,1.000000,-0.000000,0.000000,-0.092355,-0.000000,0.995726,0.000000,1.803230,0.000000,-0.000008,1.000000;;
            }
           }
          }
         }

         Frame l_Pinkie01 {
          

          FrameTransformMatrix {
           0.977229,0.192418,0.089436,0.000000,-0.194343,0.980844,0.013255,0.000000,-0.085172,-0.030335,0.995904,0.000000,7.475559,2.600237,0.206726,1.000000;;
          }

          Frame l_Pinkie02 {
           

           FrameTransformMatrix {
            0.994140,-0.000000,0.108102,0.000000,0.000000,1.000000,0.000000,0.000000,-0.108102,-0.000000,0.994140,0.000000,1.820965,-0.000002,-0.000015,1.000000;;
           }

           Frame l_Pinkie03 {
            

            FrameTransformMatrix {
             0.999300,-0.000000,0.037414,0.000000,0.000000,1.000000,-0.000000,0.000000,-0.037414,-0.000000,0.999300,0.000000,1.721970,-0.000002,0.000000,1.000000;;
            }
           }
          }
         }

         Frame l_Middle01 {
          

          FrameTransformMatrix {
           0.998181,0.027339,0.053728,0.000000,-0.025415,0.999022,-0.036175,0.000000,-0.054665,0.034744,0.997900,0.000000,7.764702,-0.997902,0.044754,1.000000;;
          }

          Frame l_Middle02 {
           

           FrameTransformMatrix {
            0.993850,0.000000,0.110740,0.000000,-0.000000,1.000000,0.000000,0.000000,-0.110740,0.000000,0.993850,0.000000,3.627914,0.000006,0.000008,1.000000;;
           }

           Frame l_Middle03 {
            

            FrameTransformMatrix {
             0.998191,0.000000,0.060127,0.000000,0.000000,1.000000,-0.000000,0.000000,-0.060127,0.000000,0.998191,0.000000,2.149765,0.000000,0.000000,1.000000;;
            }
           }
          }
         }

         Frame l_Index01 {
          

          FrameTransformMatrix {
           0.994923,-0.072376,0.069933,0.000000,0.078919,0.992263,-0.095846,0.000000,-0.062455,0.100878,0.992937,0.000000,7.736870,-3.017567,0.574585,1.000000;;
          }

          Frame l_Index02 {
           

           FrameTransformMatrix {
            0.997306,0.000000,0.073356,0.000000,0.000000,1.000000,0.000000,0.000000,-0.073357,0.000000,0.997306,0.000000,3.106232,-0.000002,0.000015,1.000000;;
           }

           Frame l_Index03 {
            

            FrameTransformMatrix {
             0.997426,-0.000000,0.071697,0.000000,0.000000,1.000000,0.000000,0.000000,-0.071697,-0.000000,0.997426,0.000000,1.993114,0.000002,-0.000015,1.000000;;
            }
           }
          }
         }
        }

        Frame L_Forearm_Twist {
         

         FrameTransformMatrix {
          1.000000,-0.000006,0.000110,0.000000,-0.000006,0.993895,0.110328,0.000000,-0.000110,-0.110328,0.993895,0.000000,14.779248,0.000000,-0.000011,1.000000;;
         }
        }
       }
      }
     }

     Frame R_Clav {
      

      FrameTransformMatrix {
       -0.157228,-0.946495,-0.281828,0.000000,-0.987562,0.150560,0.045304,0.000000,-0.000448,0.285445,-0.958395,0.000000,13.245194,-3.518129,0.001617,1.000000;;
      }

      Frame R_Upperarm {
       

       FrameTransformMatrix {
        0.663986,0.697657,-0.269068,0.000000,-0.703990,0.704544,0.089533,0.000000,0.252033,0.129973,0.958951,0.000000,18.019480,-0.000008,0.000004,1.000000;;
       }

       Frame R_Forearm {
        

        FrameTransformMatrix {
         0.554862,0.000000,-0.831943,0.000000,-0.000000,1.000000,0.000000,0.000000,0.831943,0.000000,0.554862,0.000000,23.628098,0.000000,0.000000,1.000000;;
        }

        Frame R_Hand {
         

         FrameTransformMatrix {
          0.997807,0.064358,0.015484,0.000000,0.023716,-0.129194,-0.991336,0.000000,-0.061799,0.989529,-0.130437,0.000000,29.558480,-0.000008,0.000000,1.000000;;
         }

         Frame R_Weapon_Bone {
          

          FrameTransformMatrix {
           1.000000,-0.000000,0.000000,0.000000,0.000000,1.000000,0.000000,0.000000,-0.000000,-0.000000,1.000000,0.000000,6.152237,0.000023,4.350204,1.000000;;
          }
         }

         Frame r_Thumb01 {
          

          FrameTransformMatrix {
           0.651601,0.394257,0.648057,0.000000,-0.709160,0.013342,0.704921,0.000000,0.269274,-0.918903,0.288285,0.000000,2.159412,2.769466,1.672379,1.000000;;
          }

          Frame r_Thumb02 {
           

           FrameTransformMatrix {
            0.999046,-0.001060,-0.043662,0.000000,0.000270,0.999836,-0.018104,0.000000,0.043674,0.018075,0.998883,0.000000,2.531708,0.000002,0.000008,1.000000;;
           }

           Frame r_Thumb03 {
            

            FrameTransformMatrix {
             0.999886,0.005074,0.014218,0.000000,-0.004878,0.999893,-0.013789,0.000000,-0.014286,0.013718,0.999804,0.000000,2.674377,0.000000,0.000000,1.000000;;
            }
           }
          }
         }

         Frame r_Index01 {
          

          FrameTransformMatrix {
           0.994923,0.072376,0.069933,0.000000,-0.078920,0.992263,0.095846,0.000000,-0.062455,-0.100878,0.992937,0.000000,7.736870,3.017570,0.574585,1.000000;;
          }

          Frame r_Index02 {
           

           FrameTransformMatrix {
            0.997306,0.000000,0.073356,0.000000,-0.000000,1.000000,-0.000000,0.000000,-0.073356,0.000000,0.997306,0.000000,3.106224,0.000000,0.000000,1.000000;;
           }

           Frame r_Index03 {
            

            FrameTransformMatrix {
             0.997427,-0.000000,0.071697,0.000000,0.000000,1.000000,0.000000,0.000000,-0.071697,0.000000,0.997427,0.000000,1.993118,-0.000004,0.000008,1.000000;;
            }
           }
          }
         }

         Frame r_Middle01 {
          

          FrameTransformMatrix {
           0.998181,-0.027339,0.053728,0.000000,0.025415,0.999022,0.036175,0.000000,-0.054665,-0.034744,0.997900,0.000000,7.764706,0.997898,0.044746,1.000000;;
          }

          Frame r_Middle02 {
           

           FrameTransformMatrix {
            0.993849,0.000000,0.110740,0.000000,-0.000000,1.000000,0.000000,0.000000,-0.110740,-0.000000,0.993849,0.000000,3.627926,0.000000,0.000015,1.000000;;
           }

           Frame r_Middle03 {
            

            FrameTransformMatrix {
             0.998191,0.000000,0.060127,0.000000,-0.000000,1.000000,-0.000000,0.000000,-0.060127,-0.000000,0.998191,0.000000,2.149761,0.000000,0.000008,1.000000;;
            }
           }
          }
         }

         Frame r_Ring01 {
          

          FrameTransformMatrix {
           0.989174,-0.105347,0.102163,0.000000,0.114815,0.989146,-0.091696,0.000000,-0.091394,0.102433,0.990533,0.000000,7.684677,-0.918911,-0.028679,1.000000;;
          }

          Frame r_Ring02 {
           

           FrameTransformMatrix {
            0.999969,0.000000,-0.007946,0.000000,-0.000000,1.000000,0.000000,0.000000,0.007946,-0.000000,0.999969,0.000000,2.978447,0.000004,0.000000,1.000000;;
           }

           Frame r_Ring03 {
            

            FrameTransformMatrix {
             0.995726,0.000000,0.092356,0.000000,-0.000000,1.000000,-0.000000,0.000000,-0.092356,0.000000,0.995726,0.000000,1.803234,0.000004,0.000015,1.000000;;
            }
           }
          }
         }

         Frame r_Pinkie01 {
          

          FrameTransformMatrix {
           0.977229,-0.192418,0.089435,0.000000,0.194343,0.980844,-0.013255,0.000000,-0.085172,0.030334,0.995905,0.000000,7.475570,-2.600243,0.206726,1.000000;;
          }

          Frame r_Pinkie02 {
           

           FrameTransformMatrix {
            0.994140,-0.000000,0.108102,0.000000,0.000000,1.000000,-0.000000,0.000000,-0.108102,0.000000,0.994140,0.000000,1.820953,0.000000,0.000000,1.000000;;
           }

           Frame r_Pinkie03 {
            

            FrameTransformMatrix {
             0.999300,0.000000,0.037414,0.000000,-0.000000,1.000000,0.000000,0.000000,-0.037414,-0.000000,0.999300,0.000000,1.721966,0.000004,-0.000008,1.000000;;
            }
           }
          }
         }
        }

        Frame R_Forearm_Twist {
         

         FrameTransformMatrix {
          1.000000,0.000004,0.000086,0.000000,0.000004,0.996332,-0.085570,0.000000,-0.000086,0.085570,0.996332,0.000000,14.779251,-0.000015,0.000008,1.000000;;
         }
        }
       }
      }
     }
    }
   }
  }
 }
}

Frame Skel_Lilith {
 

 FrameTransformMatrix {
  1.000000,0.000000,0.000000,0.000000,0.000000,1.000000,0.000000,0.000000,0.000000,0.000000,1.000000,0.000000,0.000000,0.000000,0.000000,1.000000;;
 }

 Mesh Skel_Lilith {
  9719;
  4.091391;147.519091;33.653462;,
  4.077305;147.206118;33.730730;,
  4.104426;147.484928;33.726723;,
  4.636741;147.073971;34.343024;,
  4.682136;147.264410;34.136262;,
  4.737527;147.380582;34.233718;,
  4.595850;147.143245;34.111613;,
  3.912669;145.112499;32.615395;,
  3.649572;145.113178;32.550298;,
  3.798574;145.065165;32.756061;,
  3.707065;145.091187;32.401946;,
  3.561095;145.134310;32.469850;,
  3.576166;145.152512;32.364688;,
  3.567789;145.078387;32.389594;,
  3.561095;145.134310;32.469850;,
  4.046683;144.820877;32.207882;,
  4.128130;145.061888;32.790970;,
  3.496586;144.972864;32.198285;,
  3.573854;145.185075;32.331504;,
  3.670608;145.309222;32.279171;,
  3.567789;145.078387;32.389594;,
  3.651726;145.152102;32.451603;,
  3.743709;145.103578;32.586662;,
  3.903868;145.061555;32.760035;,
  4.701178;144.769062;32.537680;,
  4.728917;145.059520;33.009091;,
  4.976828;145.008422;33.018960;,
  4.453721;145.050765;32.922406;,
  4.541745;144.188019;31.243395;,
  3.640729;144.448435;30.709808;,
  3.003678;144.963558;30.504931;,
  5.293723;144.937818;32.992454;,
  4.966024;144.934490;33.183274;,
  5.297395;144.872282;33.164733;,
  4.636521;144.998618;33.161667;,
  4.307848;145.025280;33.092566;,
  4.636521;144.998618;33.161667;,
  4.014760;145.013658;32.952605;,
  5.256699;144.539456;32.439456;,
  5.196096;144.073549;31.326310;,
  5.129433;143.625446;30.029891;,
  2.722233;144.651520;29.488109;,
  2.357871;146.148557;29.664768;,
  3.627316;146.260096;28.313053;,
  3.207083;146.975757;29.678813;,
  5.118915;145.107776;27.979069;,
  5.298436;147.627904;30.003946;,
  6.721214;146.131968;28.198275;,
  7.034918;146.931712;29.545590;,
  5.202248;147.141043;27.954986;,
  5.118915;145.107776;27.979069;,
  4.472972;147.023718;31.366291;,
  3.637026;146.858611;30.978003;,
  5.329943;146.967258;31.590672;,
  4.392272;145.283750;32.418170;,
  5.289501;145.197286;32.589142;,
  6.169706;146.953459;31.303338;,
  4.212584;144.988710;32.987174;,
  4.514951;144.979814;33.181565;,
  4.900920;145.033395;33.200643;,
  5.305688;144.967437;33.281968;,
  5.707390;145.000013;33.170720;,
  6.175703;145.209818;32.351990;,
  6.845331;146.725709;30.858979;,
  6.085146;144.914765;33.123322;,
  6.371986;144.899213;32.907018;,
  6.884720;145.176090;32.159939;,
  6.976026;144.937190;32.263130;,
  6.903303;145.017395;32.330963;,
  6.817838;144.976218;32.472595;,
  6.668021;144.947021;32.657475;,
  6.974514;145.044237;32.205331;,
  6.971986;145.011853;32.238698;,
  6.993243;144.992141;32.342490;,
  6.839566;144.961472;32.285706;,
  6.909490;144.978138;32.429338;,
  6.652792;144.999040;32.513718;,
  6.772690;144.941952;32.645699;,
  7.023926;144.826701;32.067405;,
  6.465364;144.720678;32.118150;,
  6.447476;144.965824;32.704918;,
  5.835033;144.722112;32.495626;,
  6.132682;144.981222;32.860115;,
  5.866326;145.012390;32.966880;,
  6.568113;144.907917;32.857866;,
  6.288136;144.943232;33.019069;,
  5.964410;144.943603;33.112387;,
  5.616451;144.981901;32.995216;,
  5.256699;144.539456;32.439456;,
  5.196096;144.073549;31.326310;,
  5.293723;144.937818;32.992454;,
  5.633248;144.906842;33.158509;,
  5.297395;144.872282;33.164733;,
  5.849742;144.133862;31.194861;,
  5.129433;143.625446;30.029891;,
  6.727248;144.320589;30.595302;,
  7.566468;144.450867;29.308387;,
  7.387761;144.781952;30.342288;,
  8.065294;145.912128;29.453018;,
  5.118915;145.107776;27.979069;,
  5.118915;145.107776;27.979069;,
  4.800300;146.943872;34.995030;,
  4.546162;147.129498;34.727600;,
  4.616515;146.914022;34.679872;,
  5.114048;146.682598;34.931114;,
  5.067618;146.940275;35.244483;,
  4.877351;146.802278;34.828013;,
  4.775501;147.014131;34.575200;,
  4.636741;147.073971;34.343024;,
  4.737527;147.380582;34.233718;,
  5.423580;146.503706;34.631882;,
  5.768105;146.655488;34.906851;,
  5.439042;146.638464;34.898150;,
  5.462663;146.890931;35.253082;,
  5.053784;147.279027;35.448144;,
  4.778774;147.215962;35.098083;,
  4.532899;147.383936;34.772477;,
  4.771219;147.457216;35.133747;,
  5.858709;146.907469;35.215142;,
  5.089272;147.581440;35.470947;,
  5.490066;147.283635;35.553277;,
  5.915522;147.243328;35.416179;,
  6.106242;146.889766;34.946576;,
  6.005615;146.755533;34.786163;,
  5.891251;146.768422;34.655584;,
  5.921834;147.034394;34.591680;,
  6.012844;147.272704;34.372566;,
  6.105627;146.959014;34.525840;,
  6.263116;146.845798;34.618771;,
  6.354364;147.054579;34.660531;,
  6.157724;147.158797;35.046922;,
  5.906930;147.547558;35.440611;,
  5.502796;147.610803;35.530842;,
  5.800659;147.224550;34.417770;,
  5.845010;147.201626;34.102474;,
  6.148385;147.322086;34.181357;,
  6.231291;147.007872;34.283859;,
  6.346665;146.837069;34.333398;,
  5.788971;146.858432;34.457738;,
  6.186620;147.202086;34.080432;,
  6.051584;147.101299;33.997299;,
  5.867831;146.836493;34.185565;,
  5.667873;146.557555;34.463821;,
  5.703726;146.566822;34.688272;,
  5.414270;146.472384;34.416077;,
  5.682326;146.547302;34.283578;,
  5.929814;146.728730;34.077664;,
  6.063565;146.789427;33.946915;,
  6.129089;146.921178;33.975050;,
  6.260541;147.074253;34.049840;,
  5.408360;146.468198;34.261338;,
  5.402252;146.454899;34.111859;,
  5.807554;146.539942;34.060685;,
  6.218210;146.599744;33.852189;,
  6.294310;146.688397;33.920205;,
  6.337777;146.762790;34.100234;,
  6.613063;146.812979;34.018189;,
  6.510872;146.931507;34.328982;,
  5.815164;146.104090;33.967491;,
  5.385413;146.259341;33.945030;,
  5.374022;146.032141;33.913261;,
  5.803046;146.307264;33.968576;,
  6.267922;146.275405;33.800403;,
  6.631509;146.691802;33.595642;,
  6.623476;146.742246;33.759536;,
  6.739818;147.139034;33.916442;,
  6.763513;147.032038;33.477488;,
  6.752910;147.095245;33.631456;,
  6.714694;147.431360;33.864986;,
  6.592372;147.205158;34.308992;,
  4.976247;146.341478;33.999258;,
  5.002725;146.573299;34.090534;,
  5.144267;146.569613;34.303552;,
  4.915043;145.938752;34.000266;,
  5.362620;145.804877;33.881478;,
  4.945647;146.140122;33.999763;,
  4.496884;146.348800;33.866109;,
  4.584087;146.667482;33.912813;,
  4.898036;146.771469;34.115949;,
  4.976538;146.873408;34.218650;,
  4.760475;146.843443;33.995267;,
  4.433656;146.123930;33.862339;,
  4.370421;145.899021;33.858528;,
  4.915043;145.938752;34.000266;,
  3.876467;145.783194;33.534131;,
  3.372790;145.848845;33.232042;,
  3.372446;145.555136;33.233498;,
  3.773751;145.342413;33.576077;,
  3.859915;146.150298;33.511437;,
  3.798987;146.545766;33.473654;,
  4.161974;146.794163;33.687270;,
  4.520830;146.761856;33.986000;,
  4.186242;146.843226;33.849971;,
  4.050155;147.144461;33.578163;,
  4.115004;147.247808;34.013824;,
  4.077305;147.206118;33.730730;,
  4.091391;147.519091;33.653462;,
  3.938556;147.032512;33.505302;,
  4.708315;146.979981;34.027760;,
  4.497086;146.839053;34.168522;,
  4.221580;146.912064;34.106915;,
  4.801869;147.153075;34.043664;,
  4.682136;147.264410;34.136262;,
  4.595850;147.143245;34.111613;,
  4.511635;146.913101;34.401469;,
  4.355894;147.020838;34.408947;,
  4.160319;147.537229;33.959750;,
  4.104426;147.484928;33.726723;,
  4.296058;147.300288;34.394179;,
  4.324472;147.575667;34.325277;,
  4.528389;147.650790;34.745706;,
  4.421307;147.852723;34.162045;,
  4.240999;147.755917;33.879914;,
  4.822512;148.184973;34.910202;,
  4.594491;147.986662;34.562925;,
  4.377759;148.130048;34.036307;,
  4.171157;147.920064;33.803459;,
  3.920013;147.564173;33.559126;,
  3.886901;147.738406;33.558518;,
  3.473813;147.429914;33.423904;,
  3.387421;147.809011;33.414666;,
  2.840518;147.531674;33.245706;,
  4.554516;148.367398;34.364989;,
  4.890082;148.628429;34.676544;,
  3.807246;148.391680;33.539357;,
  3.853780;147.912602;33.557920;,
  4.568443;148.870989;34.185466;,
  4.264356;149.122982;33.710992;,
  4.232201;148.480845;33.829795;,
  4.057184;148.055603;33.739776;,
  4.114162;147.987814;33.771594;,
  4.304987;148.305446;33.933053;,
  4.561485;148.619213;34.275235;,
  4.919126;148.872640;34.573616;,
  5.170796;148.750246;34.840173;,
  5.204166;148.998835;34.739174;,
  4.948177;149.116800;34.470672;,
  4.619218;149.361894;33.998854;,
  4.982711;149.644685;34.217888;,
  5.237541;149.247424;34.638173;,
  5.529344;149.036992;34.746230;,
  5.522151;148.778355;34.842131;,
  5.099127;148.300211;35.061357;,
  5.536513;149.295565;34.650307;,
  5.851572;148.972032;34.715155;,
  5.831854;149.222874;34.616131;,
  5.548429;149.791027;34.437632;,
  5.267614;149.797914;34.374957;,
