xof 0303txt 0032
template ColorRGBA {
 <35ff44e0-6c7c-11cf-8f52-0040333594a3>
 FLOAT red;
 FLOAT green;
 FLOAT blue;
 FLOAT alpha;
}

template ColorRGB {
 <d3e16e81-7835-11cf-8f52-0040333594a3>
 FLOAT red;
 FLOAT green;
 FLOAT blue;
}

template Material {
 <3d82ab4d-62da-11cf-ab39-0020af71e433>
 ColorRGBA faceColor;
 FLOAT power;
 ColorRGB specularColor;
 ColorRGB emissiveColor;
 [...]
}

template TextureFilename {
 <a42790e1-7810-11cf-8f52-0040333594a3>
 STRING filename;
}

template Frame {
 <3d82ab46-62da-11cf-ab39-0020af71e433>
 [...]
}

template Matrix4x4 {
 <f6f23f45-7686-11cf-8f52-0040333594a3>
 array FLOAT matrix[16];
}

template FrameTransformMatrix {
 <f6f23f41-7686-11cf-8f52-0040333594a3>
 Matrix4x4 frameMatrix;
}

template Vector {
 <3d82ab5e-62da-11cf-ab39-0020af71e433>
 FLOAT x;
 FLOAT y;
 FLOAT z;
}

template MeshFace {
 <3d82ab5f-62da-11cf-ab39-0020af71e433>
 DWORD nFaceVertexIndices;
 array DWORD faceVertexIndices[nFaceVertexIndices];
}

template Mesh {
 <3d82ab44-62da-11cf-ab39-0020af71e433>
 DWORD nVertices;
 array Vector vertices[nVertices];
 DWORD nFaces;
 array MeshFace faces[nFaces];
 [...]
}

template MeshNormals {
 <f6f23f43-7686-11cf-8f52-0040333594a3>
 DWORD nNormals;
 array Vector normals[nNormals];
 DWORD nFaceNormals;
 array MeshFace faceNormals[nFaceNormals];
}

template MeshMaterialList {
 <f6f23f42-7686-11cf-8f52-0040333594a3>
 DWORD nMaterials;
 DWORD nFaceIndexes;
 array DWORD faceIndexes[nFaceIndexes];
 [Material <3d82ab4d-62da-11cf-ab39-0020af71e433>]
}

template Coords2d {
 <f6f23f44-7686-11cf-8f52-0040333594a3>
 FLOAT u;
 FLOAT v;
}

template MeshTextureCoords {
 <f6f23f40-7686-11cf-8f52-0040333594a3>
 DWORD nTextureCoords;
 array Coords2d textureCoords[nTextureCoords];
}

template XSkinMeshHeader {
 <3cf169ce-ff7c-44ab-93c0-f78f62d172e2>
 WORD nMaxSkinWeightsPerVertex;
 WORD nMaxSkinWeightsPerFace;
 WORD nBones;
}

template SkinWeights {
 <6f0d123b-bad2-4167-a0d0-80224f25fabb>
 STRING transformNodeName;
 DWORD nWeights;
 array DWORD vertexIndices[nWeights];
 array FLOAT weights[nWeights];
 Matrix4x4 matrixOffset;
}

template AnimTicksPerSecond {
 <9e415a43-7ba6-4a73-8743-b73d47e88476>
 DWORD AnimTicksPerSecond;
}

template Animation {
 <3d82ab4f-62da-11cf-ab39-0020af71e433>
 [...]
}

template AnimationSet {
 <3d82ab50-62da-11cf-ab39-0020af71e433>
 [Animation <3d82ab4f-62da-11cf-ab39-0020af71e433>]
}

template FloatKeys {
 <10dd46a9-775b-11cf-8f52-0040333594a3>
 DWORD nValues;
 array FLOAT values[nValues];
}

template TimedFloatKeys {
 <f406b180-7b3b-11cf-8f52-0040333594a3>
 DWORD time;
 FloatKeys tfkeys;
}

template AnimationKey {
 <10dd46a8-775b-11cf-8f52-0040333594a3>
 DWORD keyType;
 DWORD nKeys;
 array TimedFloatKeys keys[nKeys];
}


Material Line_Dif_01_Mat {
 1.000000;1.000000;1.000000;1.000000;;
 10.000000;
 0.000000;0.000000;0.000000;;
 0.000000;0.000000;0.000000;;

 TextureFilename {
  "Line_Dif_01.tga";
 }
}

Frame Root {
 

 FrameTransformMatrix {
  0.000066,0.000000,-1.000000,0.000000,0.000000,1.000000,0.000000,0.000000,1.000000,0.000000,0.000066,0.000000,0.000000,0.000000,0.000000,1.000000;;
 }

 Frame pelvis {
  

  FrameTransformMatrix {
   0.995263,-0.071101,-0.066300,0.000000,0.070702,0.997463,-0.008338,0.000000,0.066724,0.003611,0.997765,0.000000,-0.669814,92.413293,0.000000,1.000000;;
  }

  Frame Spine_01 {
   

   FrameTransformMatrix {
    0.985973,0.163973,0.031154,0.000000,-0.163861,0.986465,-0.006123,0.000000,-0.031736,0.000932,0.999496,0.000000,0.111608,24.895179,0.000000,1.000000;;
   }

   Frame Spine_02 {
    

    FrameTransformMatrix {
     0.991800,-0.124944,0.026866,0.000000,0.123770,0.991436,0.041662,0.000000,-0.031841,-0.037995,0.998770,0.000000,0.000000,24.891158,0.000000,1.000000;;
    }

    Frame Clavicle_L {
     

     FrameTransformMatrix {
      0.018894,0.971012,-0.238283,0.000000,0.039527,0.237414,0.970604,0.000000,0.999040,-0.027758,-0.033896,0.000000,1.073427,0.837418,6.218330,1.000000;;
     }

     Frame Upper_Arm_L {
      

      FrameTransformMatrix {
       -0.070629,0.154356,-0.985488,0.000000,-0.982511,0.159879,0.095457,0.000000,0.172293,0.974994,0.140364,0.000000,0.000031,10.204494,0.000000,1.000000;;
      }

      Frame Armroll_L {
       

       FrameTransformMatrix {
        0.925291,-0.000000,0.379259,0.000000,-0.000000,1.000000,-0.000000,0.000000,-0.379259,-0.000000,0.925291,0.000000,-0.000000,17.579574,0.000008,1.000000;;
       }
      }

      Frame Forearm_L {
       

       FrameTransformMatrix {
        0.191972,0.965204,-0.177560,0.000000,-0.883214,0.091033,-0.460051,0.000000,-0.427879,0.245141,0.869957,0.000000,-0.000000,26.369370,0.000000,1.000000;;
       }

       Frame Hand_L {
        

        FrameTransformMatrix {
         0.246258,0.274079,-0.929644,0.000000,-0.947473,0.270053,-0.171364,0.000000,0.204086,0.923013,0.326185,0.000000,0.000000,22.922946,0.000004,1.000000;;
        }

        Frame Thumb_01_L {
         

         FrameTransformMatrix {
          0.862325,-0.109629,0.494346,0.000000,-0.083146,0.932373,0.351806,0.000000,-0.499482,-0.344475,0.794893,0.000000,0.000004,1.668320,-0.000004,1.000000;;
         }

         Frame Thumb_02_L {
          

          FrameTransformMatrix {
           0.956220,-0.289815,-0.040627,0.000000,0.287958,0.907024,0.307225,0.000000,-0.052189,-0.305474,0.950769,0.000000,0.000008,3.759018,-0.000002,1.000000;;
          }

          Frame Thumb_03_L {
           

           FrameTransformMatrix {
            0.985471,-0.169847,0.000093,0.000000,0.167228,0.970368,0.174417,0.000000,-0.029714,-0.171867,0.984672,0.000000,0.000008,3.285301,-0.000004,1.000000;;
           }

           Frame Thumb_04_L {
            

            FrameTransformMatrix {
             1.000000,-0.000000,0.000000,0.000000,-0.000000,1.000000,0.000000,0.000000,0.000000,-0.000000,1.000000,0.000000,0.000000,2.903418,-0.000004,1.000000;;
            }
           }
          }
         }
        }

        Frame Point_01_L {
         

         FrameTransformMatrix {
          0.913179,-0.129445,-0.386455,0.000000,0.403497,0.420673,0.812542,0.000000,0.057392,-0.897930,0.436380,0.000000,2.508499,3.366295,6.427902,1.000000;;
         }

         Frame Point_02_L {
          

          FrameTransformMatrix {
           0.992063,-0.109627,0.061583,0.000000,0.123842,0.936653,-0.327635,0.000000,-0.021764,0.332661,0.942795,0.000000,0.000004,2.675386,-0.000008,1.000000;;
          }

          Frame Point_03_L {
           

           FrameTransformMatrix {
            0.999777,-0.009789,0.018737,0.000000,0.010471,0.999274,-0.036642,0.000000,-0.018365,0.036830,0.999153,0.000000,0.000000,2.368227,0.000000,1.000000;;
           }

           Frame Point_04_L {
            

            FrameTransformMatrix {
             1.000000,0.000000,-0.000000,0.000000,0.000000,1.000000,0.000000,0.000000,0.000000,-0.000000,1.000000,0.000000,0.000004,3.782168,0.000000,1.000000;;
            }
           }
          }
         }
        }
       }

       Frame ForeArm_Twist2_L {
        

        FrameTransformMatrix {
         0.788364,0.000000,-0.615209,0.000000,-0.000000,1.000000,-0.000000,0.000000,0.615209,-0.000000,0.788364,0.000000,-0.000008,15.281949,0.000006,1.000000;;
        }
       }
      }
     }
    }

    Frame Clavicle_R {
     

     FrameTransformMatrix {
      0.049885,0.990635,0.127103,0.000000,-0.241486,0.135449,-0.960905,0.000000,-0.969122,0.017241,0.245981,0.000000,1.073343,0.836639,-6.219078,1.000000;;
     }

     Frame Upper_Arm_R {
      

      FrameTransformMatrix {
       -0.318118,0.263216,0.910779,0.000000,-0.894722,0.234309,-0.380225,0.000000,-0.313485,-0.935851,0.160967,0.000000,0.000015,10.204490,-0.000001,1.000000;;
      }

      Frame Armroll_R {
       

       FrameTransformMatrix {
        0.824697,0.000000,-0.565575,0.000000,-0.000000,1.000000,0.000000,0.000000,0.565575,-0.000000,0.824697,0.000000,0.000000,17.579560,-0.000008,1.000000;;
       }
      }

      Frame Forearm_R {
       

       FrameTransformMatrix {
        0.240101,0.963886,0.115218,0.000000,-0.771950,0.117616,0.624707,0.000000,0.588595,-0.238935,0.772312,0.000000,0.000000,26.369339,0.000000,1.000000;;
       }

       Frame Hand_R {
        

        FrameTransformMatrix {
         0.709723,0.703598,-0.035264,0.000000,-0.114146,0.164246,0.979793,0.000000,0.695172,-0.691356,0.196882,0.000000,0.000015,22.922955,0.000008,1.000000;;
        }

        Frame Thumb_01_R {
         

         FrameTransformMatrix {
          0.961755,-0.269552,0.048680,0.000000,0.273712,0.938968,-0.208378,0.000000,0.010459,0.213733,0.976836,0.000000,0.000015,1.673409,0.000008,1.000000;;
         }

         Frame Thumb_02_R {
          

          FrameTransformMatrix {
           0.988490,-0.151152,0.006453,0.000000,0.150218,0.975524,-0.160588,0.000000,0.017978,0.159708,0.987001,0.000000,0.000008,3.759010,0.000008,1.000000;;
          }

          Frame Thumb_03_R {
           

           FrameTransformMatrix {
            0.983356,-0.181675,0.002105,0.000000,0.178869,0.966004,-0.186660,0.000000,0.031878,0.183930,0.982422,0.000000,-0.000008,3.285309,0.000000,1.000000;;
           }

           Frame Thumb_04_R {
            

            FrameTransformMatrix {
             1.000000,-0.000000,0.000000,0.000000,0.000000,1.000000,0.000000,0.000000,-0.000000,0.000000,1.000000,0.000000,0.000000,2.903423,0.000000,1.000000;;
            }
           }
          }
         }
        }

        Frame Point_01_R {
         

         FrameTransformMatrix {
          0.901654,-0.423039,0.089764,0.000000,0.303581,0.471340,-0.828056,0.000000,0.307991,0.773871,0.553413,0.000000,2.518120,3.361137,-6.426849,1.000000;;
         }

         Frame Point_02_R {
          

          FrameTransformMatrix {
           0.986429,-0.145156,-0.076730,0.000000,0.164119,0.885361,0.434972,0.000000,0.004795,-0.441662,0.897169,0.000000,0.000008,2.675381,0.000008,1.000000;;
          }

          Frame Point_03_R {
           

           FrameTransformMatrix {
            0.992665,-0.114483,-0.038848,0.000000,0.120595,0.915074,0.384834,0.000000,-0.008508,-0.386696,0.922168,0.000000,-0.000004,2.368233,0.000000,1.000000;;
           }

           Frame Point_04_R {
            

            FrameTransformMatrix {
             1.000000,-0.000000,0.000000,0.000000,0.000000,1.000000,0.000000,0.000000,0.000000,0.000000,1.000000,0.000000,0.000004,3.782166,-0.000008,1.000000;;
            }
           }
          }
         }
        }
       }

       Frame ForeArm_Twist2_R {
        

        FrameTransformMatrix {
         0.963658,0.000000,-0.267140,0.000000,-0.000000,1.000000,0.000000,0.000000,0.267140,-0.000000,0.963658,0.000000,0.000008,15.281955,0.000004,1.000000;;
        }
       }
      }
     }
    }

    Frame Neck {
     

     FrameTransformMatrix {
      0.827720,-0.561142,0.000000,0.000000,0.561142,0.827720,0.000000,0.000000,0.000000,-0.000000,1.000000,0.000000,3.933070,9.689270,0.000000,1.000000;;
     }

     Frame Head {
      

      FrameTransformMatrix {
       0.940761,-0.337563,0.031931,0.000000,0.338106,0.941014,-0.013335,0.000000,-0.025547,0.023341,0.999401,0.000000,-0.000015,7.193825,0.000000,1.000000;;
      }

      Frame Jaw {
       

       FrameTransformMatrix {
        0.957883,0.287159,0.000000,0.000000,-0.287159,0.957883,0.000000,0.000000,-0.000000,0.000000,1.000000,0.000000,0.395576,3.876892,-0.000000,1.000000;;
       }
      }
     }
    }
   }
  }

  Frame Thigh_L {
   

   FrameTransformMatrix {
    0.985801,0.167170,-0.015851,0.000000,0.167769,-0.976519,0.135146,0.000000,0.007114,-0.135886,-0.990699,0.000000,-1.170723,1.203903,9.310074,1.000000;;
   }

   Frame Calf_L {
    

    FrameTransformMatrix {
     0.901525,0.284203,-0.326313,0.000000,-0.255594,0.958218,0.128418,0.000000,0.349176,-0.032368,0.936498,0.000000,0.000000,39.788051,0.000000,1.000000;;
    }

    Frame Foot_L {
     

     FrameTransformMatrix {
      0.445979,-0.892393,0.068827,0.000000,0.893574,0.448333,0.022865,0.000000,-0.051262,0.051304,0.997367,0.000000,0.000001,43.550109,-0.000002,1.000000;;
     }

     Frame Toe_L {
      

      FrameTransformMatrix {
       1.000000,-0.000000,0.000000,0.000000,-0.000000,1.000000,0.000000,0.000000,0.000000,0.000000,1.000000,0.000000,0.000001,15.413283,0.000000,1.000000;;
      }
     }
    }
   }
  }

  Frame Thigh_R {
   

   FrameTransformMatrix {
    0.144746,-0.985450,-0.089091,0.000000,-0.932476,-0.105738,-0.345409,0.000000,0.330963,0.133072,-0.934214,0.000000,-1.170723,1.203888,-9.310078,1.000000;;
   }

   Frame Calf_R {
    

    FrameTransformMatrix {
     0.289703,-0.824365,0.486306,0.000000,0.956253,0.227713,-0.183652,0.000000,0.040658,0.518236,0.854271,0.000000,39.788051,-0.000000,0.000000,1.000000;;
    }

    Frame Foot_R {
     

     FrameTransformMatrix {
      0.409027,-0.911968,0.031793,0.000000,0.895536,0.407860,0.177947,0.000000,-0.175249,-0.044314,0.983526,0.000000,0.000000,43.550109,-0.000001,1.000000;;
     }

     Frame Toe_R {
      

      FrameTransformMatrix {
       1.000000,0.000000,-0.000000,0.000000,0.000000,1.000000,-0.000000,0.000000,0.000000,0.000000,1.000000,0.000000,-0.000001,15.413282,0.000003,1.000000;;
      }
     }
    }
   }
  }
 }
}

Frame CasualGirl_01 {
 

 FrameTransformMatrix {
  1.000000,0.000000,0.000000,0.000000,0.000000,1.000000,0.000000,0.000000,0.000000,0.000000,1.000000,0.000000,0.000000,0.000000,0.000000,1.000000;;
 }

 Mesh CasualGirl_01 {
  7551;
  -15.688941;137.605875;2.873938;,
  -15.979408;138.634291;1.318285;,
  -15.981091;137.828198;1.834499;,
  8.173876;75.313779;6.694247;,
  5.668062;74.118829;4.177697;,
  8.935490;66.746509;5.256456;,
  4.697870;79.043686;4.988566;,
  11.095585;67.150362;6.460782;,
  10.836487;75.152077;7.169184;,
  11.825078;59.118662;6.336569;,
  9.475868;58.258592;4.391754;,
  7.936157;52.694886;0.031022;,
  8.487762;54.864064;2.329296;,
  7.767510;55.262310;-0.337018;,
  8.151086;55.996006;1.507286;,
  8.111636;59.481754;2.308222;,
  7.015222;66.554938;3.127067;,
  3.861396;74.141139;1.412135;,
  2.832249;78.962438;2.044579;,
  2.050635;81.893056;2.792603;,
  5.653031;66.528160;0.532597;,
  7.306842;59.213158;-0.003208;,
  2.253630;82.872736;5.354174;,
  1.302078;83.267091;4.933885;,
  3.993277;81.797158;5.659525;,
  6.659653;79.685837;7.423883;,
  9.178570;80.362150;8.591082;,
  11.240010;80.983270;8.236927;,
  9.555971;83.973024;9.767452;,
  9.178570;80.362150;8.591082;,
  11.789262;84.990829;9.101551;,
  9.596698;86.663430;10.875086;,
  11.819768;87.734874;9.900474;,
  7.559064;85.835520;10.975170;,
  11.028374;53.294640;6.165720;,
  14.069750;59.343610;6.719211;,
  13.403002;67.614490;6.444507;,
  13.150795;76.063680;6.675869;,
  13.487973;82.480333;7.272406;,
  13.892387;86.856077;7.806082;,
  15.312739;89.696928;5.873828;,
  15.352090;84.501389;5.302264;,
  17.002485;86.370547;2.782309;,
  15.352472;76.973478;4.891126;,
  15.765278;67.995776;4.917174;,
  16.464403;59.590778;5.347488;,
  12.594141;53.426301;6.696679;,
  18.645347;87.385901;-0.037996;,
  19.253334;79.252934;-0.325856;,
  17.400090;78.007949;2.373340;,
  17.957363;68.518835;2.488465;,
  18.536125;59.021926;2.803609;,
  15.177165;53.613242;6.001134;,
  17.789467;53.687923;4.469860;,
  19.945168;55.309107;1.158675;,
  20.526614;56.742886;-0.308093;,
  20.948040;56.080576;-2.266260;,
  21.277088;48.340589;0.834274;,
  21.283074;50.719648;-0.226633;,
  20.535182;50.272317;2.041888;,
  20.020272;48.209891;3.416343;,
  19.809227;51.360691;2.498959;,
  17.936568;49.285235;5.327042;,
  19.282010;53.415146;2.740900;,
  20.943846;52.984189;-0.694079;,
  20.436630;53.058042;-3.741840;,
  21.285581;44.618928;-1.355573;,
  21.059646;48.497363;-1.996545;,
  20.457621;44.608819;-4.144539;,
  19.904990;48.519450;-4.536188;,
  18.373312;48.383386;-6.321275;,
  19.458390;51.001648;-5.231439;,
  20.772757;50.982221;-2.829411;,
  20.089672;55.751942;-4.691129;,
  19.030382;53.026032;-6.063636;,
  17.805838;50.855706;-6.916500;,
  16.680011;48.200019;-7.525279;,
  19.037928;44.437293;-5.976558;,
  17.370194;44.199840;-7.168647;,
  19.685309;39.185008;-5.540118;,
  17.902398;38.875402;-6.744506;,
  15.011797;48.073610;-8.367545;,
  15.999530;50.662406;-8.036698;,
  17.263970;52.847309;-7.669426;,
  18.396667;55.566797;-7.007965;,
  19.595672;60.736883;-5.579415;,
  20.683178;61.019264;-2.904273;,
  19.752376;69.402426;-0.258044;,
  20.137147;60.934746;-0.183203;,
  20.365909;70.024173;-3.149436;,
  19.009773;69.812384;-6.034568;,
  19.925030;80.025850;-3.188483;,
  18.420843;79.814797;-6.200022;,
  20.365909;70.024173;-3.149436;,
  15.911499;79.128960;-8.795719;,
  16.696381;69.254957;-8.462206;,
  17.590478;60.361811;-7.882043;,
  14.440173;68.781587;-9.984903;,
  13.567214;78.475174;-10.418539;,
  12.943950;85.818662;-10.295358;,
  15.351480;86.548563;-8.606302;,
  17.798600;87.293773;-6.004909;,
  19.243714;87.670464;-2.967978;,
  12.471906;91.352461;-9.952257;,
  14.898661;92.108378;-8.305648;,
  17.156390;92.872467;-5.793473;,
  18.474349;93.451373;-2.872869;,
  18.071981;93.788589;-0.034684;,
  16.450014;94.366394;3.230117;,
  11.294336;95.553030;9.826173;,
  13.063147;95.406253;7.936848;,
  13.046661;97.308134;7.141779;,
  14.437378;95.325523;6.170547;,
  14.793378;96.734675;5.152092;,
  16.471174;98.930304;1.974459;,
  17.565256;98.382598;-0.414107;,
  17.713566;97.802240;-3.019130;,
  16.479782;97.107347;-5.776836;,
  16.043819;99.840640;-5.981857;,
  17.222013;100.568621;-3.304894;,
  17.273173;101.134931;-0.855754;,
  16.413536;101.632166;1.371930;,
  14.864122;99.518048;4.100439;,
  14.862160;102.122278;3.316249;,
  12.971576;100.121824;5.947180;,
  12.928614;102.565382;4.982596;,
  4.935248;101.059046;9.709186;,
  2.774599;101.090522;9.750495;,
  2.955106;98.241510;11.169831;,
  5.175603;98.214502;11.325556;,
  7.011822;101.076173;9.411358;,
  7.245158;98.268486;11.071014;,
  9.031473;100.987654;8.730522;,
  9.224234;98.209984;10.303891;,
  11.021452;100.639354;7.541738;,
  11.173688;97.846042;8.927847;,
  9.328750;95.610835;11.406234;,
  7.359534;95.471238;12.239891;,
  9.381803;93.215987;12.020038;,
  7.414056;92.803456;12.861900;,
  9.423241;91.034982;12.122434;,
  7.473195;90.359226;12.865885;,
  9.491024;88.857222;11.725121;,
  11.396899;93.564672;10.337612;,
  11.501856;91.645024;10.553775;,
  11.633438;89.727834;10.429358;,
  7.562080;87.992032;12.238130;,
  13.713050;89.321190;8.482848;,
  12.979008;90.339302;9.228646;,
  13.358001;91.967123;8.684750;,
  13.277366;93.816838;8.209113;,
  14.650258;91.738733;7.006534;,
  14.828110;94.042182;6.040071;,
  7.951405;10.377466;1.134322;,
  9.989938;8.950602;-0.934724;,
  8.948245;7.990658;1.560948;,
  11.455106;9.741549;-3.042438;,
  9.126270;11.190989;-1.500479;,
  7.447364;14.864970;0.786210;,
  8.744106;15.381555;-1.810517;,
  7.319562;19.486893;0.680691;,
  8.599003;19.808674;-1.924094;,
  7.562374;24.655886;0.516657;,
  8.786734;24.878117;-2.127148;,
  8.058895;30.745427;0.443397;,
  9.235859;30.926512;-2.399208;,
  11.292326;43.307555;-5.781332;,
  9.859576;42.976134;-3.143543;,
  9.675586;47.598832;-3.252030;,
  11.190074;37.593024;-5.399304;,
  9.657088;37.206410;-2.776414;,
  10.826172;31.268083;-4.749710;,
  10.453382;25.174389;-4.213923;,
  10.353878;20.176754;-3.958692;,
  10.547724;15.910680;-3.886127;,
  12.054540;20.440560;-5.210862;,
  12.122138;25.445766;-5.511310;,
  12.468910;31.583728;-6.234437;,
  12.802071;37.922013;-7.072524;,
  12.733090;43.542480;-7.530824;,
  10.927749;47.780707;-5.897704;,
  12.174920;47.886048;-7.682541;,
  16.584634;20.755370;-5.710498;,
  14.024226;20.625355;-5.767522;,
  14.008080;25.672718;-6.086477;,
  14.260507;31.876586;-6.891414;,
  14.471040;38.238038;-7.803872;,
  14.212413;43.763955;-8.307301;,
  13.479050;47.978461;-8.519796;,
  18.813802;26.088318;-5.199568;,
  19.197750;20.825856;-4.925284;,
  16.380043;25.882931;-5.986168;,
  16.292907;32.172666;-6.743314;,
  16.164243;38.557478;-7.589898;,
  15.755016;43.979446;-8.065986;,
  18.374298;32.475578;-5.939207;,
  20.312507;32.788186;-4.626993;,
  20.889096;26.307435;-3.728809;,
  21.337525;20.822218;-3.337115;,
  22.265846;26.406998;-1.541780;,
  22.796982;20.700997;-1.006655;,
  22.602493;26.281387;1.399134;,
  22.007587;32.961514;0.365748;,
  21.880826;25.964901;4.635354;,
  21.373173;32.727939;3.667676;,
  23.366123;20.436970;2.015852;,
  23.130419;15.858557;-1.044863;,
  21.567608;16.178456;-3.506761;,
  19.412838;16.379093;-5.129951;,
  16.770173;16.433466;-5.853178;,
  22.748067;11.693308;-2.009625;,
  21.191485;12.086829;-4.353557;,
  19.122102;12.339003;-5.815669;,
  16.510915;12.408202;-6.358128;,
  14.008045;12.355964;-6.122414;,
  14.191528;16.368298;-5.837622;,
  12.282222;12.248876;-5.224570;,
  12.663511;10.071020;-4.667643;,
  14.147531;10.166876;-5.706329;,
  15.399126;9.834872;-6.041927;,
  17.953336;9.879491;-5.775892;,
  19.866966;9.711096;-4.577513;,
  21.397002;9.414176;-2.494432;,
  12.249553;16.219565;-5.208998;,
  10.805402;11.911538;-3.677410;,
  5.836918;83.029722;8.536789;,
  7.867517;80.977594;8.750060;,
  7.769785;83.597440;9.715872;,
  5.908819;85.301850;10.735293;,
  5.768586;87.353523;12.233900;,
  4.214815;85.127763;10.341568;,
  4.075108;83.599475;8.191226;,
  3.456031;82.849664;6.258847;,
  2.611954;83.706816;7.598981;,
  1.517162;84.117114;7.193662;,
  2.738405;85.200320;9.875582;,
  4.037694;87.128250;11.975771;,
  2.573660;87.128448;11.556246;,
  1.575355;87.169440;11.062695;,
  1.360742;88.691002;11.712081;,
  0.768601;87.395469;10.860931;,
  1.621659;85.505651;9.410495;,
  5.570757;89.764358;12.970301;,
  3.626667;89.463315;12.643086;,
  2.077428;89.205670;12.145981;,
  0.780464;89.132768;11.626307;,
  -0.466906;89.414893;12.359402;,
  0.246553;88.748538;11.817506;,
  -0.032393;87.340563;11.249249;,
  -0.969763;87.520448;11.902090;,
  -1.935822;89.550150;13.055069;,
  -1.597863;92.142918;12.918926;,
  -3.702650;92.387494;13.613533;,
  -1.520857;95.131155;12.406893;,
  -3.703241;95.238547;13.035661;,
  -3.750414;98.181440;11.921944;,
  0.775586;91.401011;12.118573;,
  0.741193;95.101082;11.879860;,
  -1.569238;98.225133;11.472090;,
  0.676060;98.271194;11.065311;,
  3.052442;95.147706;12.101364;,
  5.297172;95.271117;12.434367;,
  5.392585;92.420410;13.005903;,
  3.216479;92.160346;12.597291;,
  2.234439;79.644096;-4.850655;,
  2.053197;79.020896;-1.354886;,
  1.445117;81.666336;-1.446567;,
  1.533449;82.583910;-5.282759;,
  2.285830;85.107245;-8.419111;,
  3.236759;81.289293;-7.949474;,
  4.366908;75.153549;-7.459966;,
  3.352400;74.454086;-4.538192;,
  3.137349;74.177805;-1.532364;,
  0.712045;83.806643;-5.429900;,
  0.796594;82.812986;-1.588172;,
  1.048615;82.878182;2.190908;,
  2.050635;81.893056;2.792603;,
  2.832249;78.962438;2.044579;,
  3.861396;74.141139;1.412135;,
  5.653031;66.528160;0.532597;,
  0.382375;83.081408;2.121159;,
  5.169442;66.504685;-2.096249;,
  7.306842;59.213158;-0.003208;,
  7.137817;59.089197;-2.433167;,
  7.767510;55.262310;-0.337018;,
  6.169242;66.774221;-7.423838;,
  5.397363;66.555616;-4.752524;,
  7.468142;59.026182;-4.912242;,
  8.092245;59.051968;-7.308838;,
  9.200645;59.192045;-9.097459;,
  7.577462;67.151405;-9.551539;,
  8.321716;52.565558;-2.825049;,
  7.936157;52.694886;0.031022;,
  7.945436;54.946650;-2.605736;,
  8.556913;54.818861;-4.967698;,
  9.380736;54.764403;-7.215442;,
  10.510534;54.800512;-8.894716;,
  11.038365;59.468179;-9.933844;,
  11.748635;52.412342;-8.861776;,
  10.356106;52.397427;-7.516275;,
  9.229675;52.459158;-5.372642;,
  10.113327;50.468054;-5.742034;,
  9.016961;50.450618;-3.054116;,
  11.303928;50.462586;-7.645403;,
  12.638907;50.494067;-8.667575;,
  13.474453;52.494742;-9.155658;,
  12.219947;54.938387;-9.493119;,
  14.208522;55.133139;-9.304447;,
  13.249886;59.793619;-9.953182;,
  15.471827;60.068608;-9.298674;,
  16.357067;55.351354;-8.532038;,
  15.336560;52.633229;-8.679384;,
  14.241040;50.551075;-8.712027;,
  12.144463;68.300768;-10.668377;,
  11.180382;77.774694;-11.118887;,
  10.414480;85.062701;-11.131542;,
  9.826491;90.621997;-10.889085;,
  15.351480;86.548563;-8.606302;,
  12.943950;85.818662;-10.295358;,
  12.471906;91.352461;-9.952257;,
  7.601146;84.255552;-11.175030;,
  6.912292;89.943834;-11.270702;,
  8.543490;76.948454;-10.946224;,
  9.713058;67.709536;-10.577980;,
  6.118047;76.063078;-9.770302;,
  5.030327;83.091782;-10.178026;,
  3.766361;89.123686;-10.904740;,
  3.682084;93.892915;-11.592528;,
  6.488772;94.351046;-11.217409;,
  -3.088239;96.552698;-12.223339;,
  -0.984175;96.518554;-12.530035;,
  -0.937437;94.105440;-11.659456;,
  1.224713;96.580947;-12.479786;,
  1.285775;93.955334;-11.778762;,
  3.606871;96.760531;-12.128794;,
  1.262261;90.441261;-10.652012;,
  0.965549;86.681440;-8.548137;,
  -0.464293;86.993491;-8.379792;,
  -0.791610;90.708621;-10.502578;,
  -2.975551;93.959974;-11.499557;,
  -2.657204;90.498438;-10.371152;,
  -5.345854;93.832243;-10.989134;,
  -5.068788;89.028749;-10.245006;,
  -8.270992;89.669882;-10.193182;,
  -8.577524;83.992589;-9.877190;,
  -1.896170;86.741504;-8.273180;,
  -14.077632;68.179014;-7.483470;,
  -11.986572;67.818739;-8.446914;,
  -14.333242;59.425523;-6.069890;,
  -11.667369;77.308870;-9.208966;,
  -9.007383;76.653440;-9.367975;,
  -5.803376;82.982931;-9.230418;,
  -2.999441;85.161990;-7.938929;,
  -1.021213;83.834842;-5.281598;,
  -0.164032;83.979187;-5.417949;,
  -14.686397;54.672211;-4.645610;,
  -12.369662;59.268499;-7.108730;,
  -9.573915;67.378253;-8.665158;,
  -10.193557;59.078931;-7.540486;,
  -6.331890;75.919258;-8.509717;,
  -7.193846;66.975533;-7.923961;,
  -8.113653;58.937254;-7.099195;,
  -8.749165;54.427226;-6.200098;,
  -10.738831;54.455488;-6.390224;,
  -12.778754;54.548730;-5.776234;,
  -3.507843;81.339872;-7.235857;,
  -4.035490;75.163808;-6.443895;,
  -5.200343;66.711930;-6.010876;,
  -6.430872;58.898406;-5.479248;,
  -7.096450;54.487968;-4.923989;,
  -7.466126;51.991011;-4.705212;,
  -5.985551;52.150973;-2.978127;,
  -5.793081;54.632378;-2.960247;,
  -5.185812;58.957280;-3.195684;,
  -3.775876;66.608666;-3.476830;,
  -2.400409;74.606989;-3.679358;,
  -1.916775;79.804365;-4.258044;,
  -1.665382;82.660800;-4.935340;,
  -1.230068;79.268371;-0.811872;,
  -0.994847;81.744416;-1.191938;,
  -0.521350;82.864550;-1.445983;,
  0.140670;82.974419;-1.628970;,
  -3.102543;66.645075;-0.879635;,
  -3.340597;66.719750;1.794910;,
  -4.465098;59.301958;1.619086;,
  -1.708333;74.426880;-0.728510;,
  -2.106898;74.427309;2.290111;,
  -1.591065;79.247117;2.658969;,
  -1.107076;82.064173;3.150429;,
  -0.300639;82.936883;2.328635;,
  -6.136952;50.061818;-2.896312;,
  -4.926803;52.390016;-0.704521;,
  -4.924893;54.863206;-0.690455;,
  -4.662783;55.270426;1.519449;,
  -4.472953;59.109254;-0.806294;,
  -15.191317;43.640566;-1.434956;,
  -15.249704;47.635718;-1.893903;,
  -13.666230;47.481120;-3.221067;,
  -13.522294;49.982403;-3.908650;,
  -11.806101;47.388387;-4.302720;,
  -11.572354;49.910618;-4.894657;,
  -9.870120;47.345718;-4.768947;,
  -9.581385;49.913251;-5.202457;,
  -7.994658;47.336422;-4.193283;,
  -7.725726;49.963792;-4.478468;,
  -8.269503;43.021344;-3.581201;,
  -15.198384;50.128042;-2.611282;,
  -15.058520;52.137037;-3.523742;,
  -13.282971;51.987501;-4.773731;,
  -11.283181;51.910813;-5.600008;,
  -9.267653;51.913283;-5.675226;,
  -16.426216;47.758858;-0.121651;,
  -16.350869;43.798333;0.380335;,
  -16.463054;50.255248;-0.853500;,
  -16.420027;52.277133;-1.765029;,
  -16.216768;54.816531;-2.906342;,
  -15.974118;59.636045;-4.360032;,
  -17.140278;52.302688;0.618495;,
  -17.172474;54.974502;-0.476318;,
  -17.156254;50.236678;1.496038;,
  -17.083544;47.758099;2.330498;,
  -16.892973;43.859814;3.098856;,
  -16.459045;38.566464;1.038496;,
  -16.923323;38.693734;3.997601;,
  -16.961163;32.243942;2.177487;,
  -17.454434;32.382240;5.189718;,
  -17.088914;32.375558;8.476600;,
  -16.582973;38.743760;7.219122;,
  -16.653408;43.906618;6.077597;,
  -17.027920;47.735318;5.005020;,
  -17.211259;50.068294;3.977648;,
  -17.110014;52.323181;3.577351;,
  -19.340934;10.288516;9.655334;,
  -19.066688;9.140135;6.011356;,
  -18.584494;8.334175;9.289604;,
  -19.893555;10.920665;6.227286;,
  -19.369221;14.504829;9.758178;,
  -19.880278;14.861586;6.464236;,
  -18.779816;19.724512;9.779314;,
  -19.226845;19.910664;6.517833;,
  -17.913075;25.724752;9.413662;,
  -18.299832;25.819179;6.144953;,
  -17.738350;25.760891;3.150357;,
  -18.601734;20.074429;3.513979;,
  -19.237259;15.291925;3.397842;,
  -19.322869;11.530163;3.001509;,
  -18.585979;9.759414;2.933373;,
  -17.936896;11.975134;0.550206;,
  -17.354605;10.150349;0.644629;,
  -17.778920;15.630938;1.027302;,
  -15.849240;12.223709;-1.048916;,
  -15.481549;10.293723;-0.779593;,
  -17.208011;20.155360;1.245885;,
  -15.652504;15.856600;-0.549268;,
  -13.173166;12.231600;-1.719290;,
  -13.052232;10.134269;-1.299836;,
  -16.451454;25.607939;0.995291;,
  -15.200811;20.190606;-0.260692;,
  -13.003578;15.964670;-1.238201;,
  -10.585287;12.129028;-1.567753;,
  -10.706228;10.043774;-1.017874;,
  -9.130038;9.905867;0.033036;,
  -12.727956;20.208355;-0.955284;,
  -14.619110;25.430422;-0.398358;,
  -15.729461;32.016051;0.169126;,
  -15.262736;38.365360;-0.846608;,
  -14.037491;31.767718;-1.097699;,
  -13.673110;38.122682;-2.050305;,
  -13.651979;43.443994;-2.686873;,
  -11.954398;43.273053;-3.719020;,
  -10.140630;43.129738;-4.138894;,
  -12.016936;37.880470;-2.949941;,
  -12.424077;25.311896;-1.116703;,
  -12.162594;31.552166;-1.884673;,
  -10.269716;37.660154;-3.246552;,
  -10.243556;31.367293;-2.054563;,
  -10.229070;25.219062;-1.181781;,
  -10.287398;20.200381;-0.960776;,
  -8.395518;25.100298;-0.613669;,
  -8.369671;20.128387;-0.377993;,
  -6.763307;24.967395;0.632696;,
  -6.733442;19.996846;0.885307;,
  -8.413767;37.477776;-2.653351;,
  -8.420355;31.194106;-1.476776;,
  -6.720202;31.014243;-0.098345;,
  -6.639171;37.275440;-1.162259;,
  -5.136513;37.080605;1.245143;,
  -5.176370;30.862435;2.119722;,
  -4.258802;37.113875;4.050835;,
  -4.167630;30.875251;4.805228;,
  -5.175884;24.840306;2.648190;,
  -4.058498;24.797701;5.208203;,
  -5.134305;19.787386;2.929042;,
  -3.993066;19.628814;5.503351;,
  -5.252438;15.361237;2.998610;,
  -4.124156;15.002062;5.627919;,
  -5.723526;11.156830;3.051729;,
  -4.589714;10.460545;5.670690;,
  -7.283289;11.768874;0.846958;,
  -6.839507;15.740558;0.855033;,
  -8.458852;15.926298;-0.508781;,
  -10.412274;15.982005;-1.177597;,
  -8.763054;12.033016;-0.702755;,
  -6.446560;8.905499;3.790354;,
  -5.405422;8.034946;6.202890;,
  -7.860525;9.603455;1.687374;,
  21.129709;44.477859;1.790914;,
  21.573627;39.420438;-0.675424;,
  21.669426;32.993395;-2.595083;,
  21.059386;39.401229;-3.638805;,
  21.132926;39.257136;2.654677;,
  19.658499;44.350214;4.595088;,
  19.717213;38.994275;5.578258;,
  17.325058;44.203088;6.723850;,
  14.783978;48.910570;6.875126;,
  14.513288;43.997594;7.899742;,
  14.641864;38.418483;9.018062;,
  17.492787;38.690566;7.807078;,
  19.817696;32.315843;6.704932;,
  12.210316;48.707309;7.182662;,
  11.888650;43.782019;7.980582;,
  11.863634;38.196605;8.992870;,
  10.433275;48.522902;6.334370;,
  10.013618;43.604202;6.768631;,
  9.357271;48.571549;4.650110;,
  8.902560;43.367744;4.893269;,
  9.854599;38.048221;7.522218;,
  11.919982;31.435126;10.068229;,
  14.714661;31.606368;10.222621;,
  8.845738;50.915645;2.632472;,
  8.646618;49.715309;1.616556;,
  8.705744;47.307334;2.295001;,
  17.533821;31.890653;9.037269;,
  14.786752;24.790888;11.137902;,
  12.005397;24.691058;10.837676;,
  9.705046;31.334794;8.395850;,
  8.603324;37.812416;5.332473;,
  8.435916;42.991830;2.729185;,
  8.766690;42.779971;-0.025545;,
  8.116676;37.340250;3.089743;,
  8.225923;31.194202;5.946750;,
  9.589400;24.655411;9.028890;,
  9.712667;19.235651;9.227610;,
  12.245168;19.193821;11.047238;,
  10.093332;14.329304;9.151463;,
  12.601747;14.240997;10.904118;,
  10.995158;9.279390;9.157724;,
  8.157574;14.447941;6.575006;,
  7.832851;19.301584;6.587867;,
  7.869790;24.640800;6.393863;,
  9.087961;9.411337;6.782177;,
  8.000411;9.780925;4.003086;,
  7.263278;14.587214;3.681851;,
  7.045885;19.349176;3.640895;,
  7.213678;24.606454;3.495677;,
  7.662132;30.907782;3.384774;,
  7.447364;14.864970;0.786210;,
  7.319562;19.486893;0.680691;,
  7.562374;24.655886;0.516657;,
  8.058895;30.745427;0.443397;,
  8.513588;37.028541;0.277452;,
  8.788470;47.382298;-0.292522;,
  8.453514;50.241706;-0.556202;,
  7.936157;52.694886;0.031022;,
  9.045335;52.965190;3.357739;,
  9.853697;53.145034;4.903898;,
  -0.791319;153.736678;-17.068643;,
  0.163076;153.493824;-17.156290;,
  0.193181;157.830938;-13.273201;,
  1.109699;153.596160;-17.040074;,
  1.532018;157.668339;-13.374618;,
  1.864563;153.954342;-16.937190;,
  -1.424690;153.315520;-16.518568;,
  -2.255583;156.220608;-12.562407;,
  -1.141068;155.853811;-11.982526;,
  -1.923160;153.578381;-16.409214;,
  -3.000875;156.524595;-13.139610;,
  -2.325894;153.821850;-16.589515;,
  -3.132891;157.769766;-13.542664;,
  -2.296486;157.631347;-13.421151;,
  -1.554961;154.155802;-16.972683;,
  -1.202481;157.831232;-13.338844;,
  -1.554961;154.155802;-16.972683;,
  -2.325894;153.821850;-16.589515;,
  -2.187799;153.637555;-16.642963;,
  -0.673938;152.990298;-17.040178;,
  0.162923;153.080090;-17.081566;,
  0.162708;152.879808;-17.125168;,
  -0.686963;153.165645;-16.979323;,
  -1.389219;153.210637;-16.869069;,
  -1.394191;153.374618;-16.795902;,
  -1.867890;153.463923;-16.703219;,
  -1.882890;153.594778;-16.642834;,
  -2.214327;153.548186;-16.735178;,
  -1.449869;153.631898;-16.902315;,
  -0.703048;153.119923;-16.632198;,
  0.163140;153.052378;-16.700843;,
  -1.424690;153.315520;-16.518568;,
  -1.923160;153.578381;-16.409214;,
  -0.791319;153.736678;-17.068643;,
  -0.731125;153.228787;-17.008859;,
  0.163076;153.493824;-17.156290;,
  0.163879;153.058880;-17.118395;,
  1.055323;153.159027;-16.991989;,
  1.109699;153.596160;-17.040074;,
  1.767821;153.396467;-16.849392;,
  1.864563;153.954342;-16.937190;,
  2.540593;153.587341;-16.743240;,
  1.743145;153.319514;-16.976990;,
  2.525074;153.633638;-16.638939;,
  2.225047;153.591693;-16.639179;,
  2.193366;153.445210;-16.686803;,
  1.738914;153.343885;-16.831126;,
  1.750514;153.210355;-16.868726;,
  1.012443;153.165402;-16.979221;,
  0.999376;152.990067;-17.040091;,
  2.662857;153.817254;-16.585024;,
  2.264026;153.548339;-16.399306;,
  1.768700;153.297856;-16.537266;,
  1.027697;153.146086;-16.639187;,
  -0.527863;153.442957;-17.154259;,
  -1.934743;153.747469;-16.299011;,
  -1.936075;154.102630;-16.586158;,
  -0.534929;153.076109;-16.857147;,
  1.046861;153.218099;-16.702171;,
  1.050018;153.557222;-16.975632;,
  2.162894;153.492186;-16.632683;,
  2.169994;153.685594;-16.790512;,
  2.662857;153.817254;-16.585024;,
  3.472256;157.659085;-13.562432;,
  2.628697;157.508109;-13.442358;,
  3.326356;156.512179;-13.142598;,
  2.264026;153.548339;-16.399306;,
  2.580267;156.206528;-12.563210;,
  2.264026;153.548339;-16.399306;,
  1.768700;153.297856;-16.537266;,
  1.465553;155.871142;-11.985826;,
  1.027697;153.146086;-16.639187;,
  0.169052;155.809933;-11.790167;,
  0.163140;153.052378;-16.700843;,
  -0.703048;153.119923;-16.632198;,
  -1.394191;153.374618;-16.795902;,
  -1.882890;153.594778;-16.642834;,
  -1.923160;153.578381;-16.409214;,
  -2.187799;153.637555;-16.642963;,
  -0.686963;153.165645;-16.979323;,
  0.163140;153.052378;-16.700843;,
  0.162923;153.080090;-17.081566;,
  1.864563;153.954342;-16.937190;,
  2.628697;157.508109;-13.442358;,
  1.532018;157.668339;-13.374618;,
  2.662857;153.817254;-16.585024;,
  -0.703048;153.119923;-16.632198;,
  -1.424690;153.315520;-16.518568;,
  -1.141068;155.853811;-11.982526;,
  0.169052;155.809933;-11.790167;,
  0.193181;157.830938;-13.273201;,
  1.465553;155.871142;-11.985826;,
  2.580267;156.206528;-12.563210;,
  3.326356;156.512179;-13.142598;,
  3.472256;157.659085;-13.562432;,
  -1.202481;157.831232;-13.338844;,
  -2.255583;156.220608;-12.562407;,
  -2.296486;157.631347;-13.421151;,
  -3.000875;156.524595;-13.139610;,
  -3.132891;157.769766;-13.542664;,
  14.220894;6.739921;-1.874450;,
  14.047784;6.118001;-2.406842;,
  13.782683;5.824700;-0.490613;,
  13.721246;5.946081;0.627925;,
  14.661176;7.154468;-3.973206;,
  14.307538;6.336085;-4.527496;,
  13.943965;5.540901;-2.681179;,
  13.683966;5.407259;-0.274049;,
  13.247124;5.162908;3.137422;,
  13.763357;4.614453;-0.341285;,
  13.609510;4.093216;2.485653;,
  13.357094;4.091770;4.015155;,
  13.079726;4.509647;4.534443;,
  15.073291;7.557837;-6.066141;,
  13.767501;5.047421;-0.984321;,
  13.921992;3.862137;-0.186543;,
  14.037958;4.350802;-3.114296;,
  14.162013;2.950170;-0.275947;,
  13.911829;3.256031;2.976576;,
  13.412078;3.556216;4.454020;,
  12.912327;3.856402;5.931464;,
  16.592170;6.316719;-9.781042;,
  15.947838;6.139802;-9.844367;,
  15.875619;7.499870;-6.771430;,
  14.695142;6.259079;-7.099441;,
  14.114254;5.589647;-5.017074;,
  13.970365;4.985298;-3.103524;,
  14.058582;4.914400;-5.339392;,
  14.372107;5.456680;-7.673244;,
  14.238285;4.753234;-8.037634;,
  14.125568;4.151196;-5.546560;,
  14.187814;3.508147;-3.184351;,
  14.412198;2.644325;-3.528469;,
  14.300261;3.140810;-5.690691;,
  14.280286;3.942466;-8.259529;,
  14.484725;2.818198;-8.405850;,
  14.528803;2.006835;-5.803302;,
  14.645411;1.369328;-8.078134;,
  15.261886;1.403291;-12.097959;,
  14.756208;3.651479;-11.874654;,
  14.966602;2.598462;-12.030115;,
  15.597189;2.430150;-16.108933;,
  15.878360;1.437270;-16.117782;,
  16.878499;5.056262;-13.168882;,
  16.122957;4.817880;-13.988728;,
  15.343787;5.667207;-10.369545;,
  14.960750;5.071784;-11.046758;,
  15.367411;4.579498;-14.808573;,
  14.715595;4.420199;-11.543961;,
  15.341714;4.001272;-15.454330;,
  15.316016;3.423030;-16.100085;,
  17.373787;5.160018;-12.790416;,
  1.767821;153.396467;-16.849392;,
  1.109699;153.596160;-17.040074;,
  1.055323;153.159027;-16.991989;,
  2.428662;153.846438;-17.172406;,
  2.166725;154.249408;-18.236294;,
  2.649948;154.647437;-17.963630;,
  2.315366;155.196966;-19.140464;,
  1.654892;154.418944;-19.124779;,
  1.561665;153.926579;-18.510277;,
  1.947559;153.609114;-17.597707;,
  1.394940;153.368282;-17.956315;,
  1.785577;153.283110;-17.280114;,
  1.197071;153.069376;-17.595669;,
  1.041627;153.081178;-17.137918;,
  1.743145;153.319514;-16.976990;,
  0.163879;153.058880;-17.118395;,
  2.216606;153.480960;-16.970602;,
  2.540593;153.587341;-16.743240;,
  2.292740;153.401037;-16.412670;,
  2.193366;153.445210;-16.686803;,
  3.117036;154.064269;-16.405194;,
  3.256726;154.944896;-17.679256;,
  2.715513;155.599936;-18.988059;,
  2.104041;156.886515;-20.198922;,
  2.013268;155.207450;-19.870178;,
  1.833579;156.736486;-20.531242;,
  4.162817;154.939418;-16.187915;,
  4.000300;154.238144;-15.227613;,
  5.282271;155.977280;-15.498726;,
  6.272637;157.871693;-15.169912;,
  6.077233;157.458573;-13.737630;,
  3.295022;153.429978;-15.010702;,
  2.391692;153.238797;-15.661586;,
  4.436834;154.445210;-14.517651;,
  5.380807;156.104781;-13.527066;,
  5.362815;156.354099;-11.644793;,
  6.400885;158.319245;-12.841931;,
  6.942259;159.894694;-14.605541;,
  4.728959;154.892582;-13.483842;,
  4.345189;154.438810;-12.455302;,
  3.661518;153.076493;-13.665891;,
  2.625438;152.770688;-14.912248;,
  1.788705;152.773235;-15.471840;,
  1.727789;152.882970;-15.968536;,
  1.007954;152.521869;-15.990810;,
  2.202838;153.225434;-16.043749;,
  1.020325;152.403597;-15.468923;,
  1.905059;152.256986;-14.915346;,
  2.806052;152.199270;-14.045056;,
  0.162880;152.234522;-15.506254;,
  0.162914;152.339277;-16.023162;,
  0.162951;152.457370;-16.567688;,
  1.008449;152.631552;-16.534838;,
  1.750871;153.000474;-16.468546;,
  -0.682082;152.521728;-15.991336;,
  -0.682506;152.631501;-16.535211;,
  -1.424839;153.000525;-16.469138;,
  -1.389219;153.210637;-16.869069;,
  -0.673938;152.990298;-17.040178;,
  0.162708;152.879808;-17.125168;,
  0.162951;152.457370;-16.567688;,
  0.999376;152.990067;-17.040091;,
  1.750514;153.210355;-16.868726;,
  -1.776719;156.887027;-20.199074;,
  -1.987578;155.197478;-19.140626;,
