xof 0303txt 0032
template ColorRGBA {
 <35ff44e0-6c7c-11cf-8f52-0040333594a3>
 FLOAT red;
 FLOAT green;
 FLOAT blue;
 FLOAT alpha;
}

template ColorRGB {
 <d3e16e81-7835-11cf-8f52-0040333594a3>
 FLOAT red;
 FLOAT green;
 FLOAT blue;
}

template Material {
 <3d82ab4d-62da-11cf-ab39-0020af71e433>
 ColorRGBA faceColor;
 FLOAT power;
 ColorRGB specularColor;
 ColorRGB emissiveColor;
 [...]
}

template TextureFilename {
 <a42790e1-7810-11cf-8f52-0040333594a3>
 STRING filename;
}

template Frame {
 <3d82ab46-62da-11cf-ab39-0020af71e433>
 [...]
}

template Matrix4x4 {
 <f6f23f45-7686-11cf-8f52-0040333594a3>
 array FLOAT matrix[16];
}

template FrameTransformMatrix {
 <f6f23f41-7686-11cf-8f52-0040333594a3>
 Matrix4x4 frameMatrix;
}

template Vector {
 <3d82ab5e-62da-11cf-ab39-0020af71e433>
 FLOAT x;
 FLOAT y;
 FLOAT z;
}

template MeshFace {
 <3d82ab5f-62da-11cf-ab39-0020af71e433>
 DWORD nFaceVertexIndices;
 array DWORD faceVertexIndices[nFaceVertexIndices];
}

template Mesh {
 <3d82ab44-62da-11cf-ab39-0020af71e433>
 DWORD nVertices;
 array Vector vertices[nVertices];
 DWORD nFaces;
 array MeshFace faces[nFaces];
 [...]
}

template MeshNormals {
 <f6f23f43-7686-11cf-8f52-0040333594a3>
 DWORD nNormals;
 array Vector normals[nNormals];
 DWORD nFaceNormals;
 array MeshFace faceNormals[nFaceNormals];
}

template MeshMaterialList {
 <f6f23f42-7686-11cf-8f52-0040333594a3>
 DWORD nMaterials;
 DWORD nFaceIndexes;
 array DWORD faceIndexes[nFaceIndexes];
 [Material <3d82ab4d-62da-11cf-ab39-0020af71e433>]
}

template Coords2d {
 <f6f23f44-7686-11cf-8f52-0040333594a3>
 FLOAT u;
 FLOAT v;
}

template MeshTextureCoords {
 <f6f23f40-7686-11cf-8f52-0040333594a3>
 DWORD nTextureCoords;
 array Coords2d textureCoords[nTextureCoords];
}

template XSkinMeshHeader {
 <3cf169ce-ff7c-44ab-93c0-f78f62d172e2>
 WORD nMaxSkinWeightsPerVertex;
 WORD nMaxSkinWeightsPerFace;
 WORD nBones;
}

template SkinWeights {
 <6f0d123b-bad2-4167-a0d0-80224f25fabb>
 STRING transformNodeName;
 DWORD nWeights;
 array DWORD vertexIndices[nWeights];
 array FLOAT weights[nWeights];
 Matrix4x4 matrixOffset;
}

template AnimTicksPerSecond {
 <9e415a43-7ba6-4a73-8743-b73d47e88476>
 DWORD AnimTicksPerSecond;
}

template Animation {
 <3d82ab4f-62da-11cf-ab39-0020af71e433>
 [...]
}

template AnimationSet {
 <3d82ab50-62da-11cf-ab39-0020af71e433>
 [Animation <3d82ab4f-62da-11cf-ab39-0020af71e433>]
}

template FloatKeys {
 <10dd46a9-775b-11cf-8f52-0040333594a3>
 DWORD nValues;
 array FLOAT values[nValues];
}

template TimedFloatKeys {
 <f406b180-7b3b-11cf-8f52-0040333594a3>
 DWORD time;
 FloatKeys tfkeys;
}

template AnimationKey {
 <10dd46a8-775b-11cf-8f52-0040333594a3>
 DWORD keyType;
 DWORD nKeys;
 array TimedFloatKeys keys[nKeys];
}


Material Goat_Mat_01 {
 1.000000;1.000000;1.000000;1.000000;;
 10.000000;
 0.000000;0.000000;0.000000;;
 0.000000;0.000000;0.000000;;

 TextureFilename {
  "Goat_Dif_01.tga";
 }
}

Frame Root {
 

 FrameTransformMatrix {
  0.000066,0.000000,-1.000000,0.000000,0.000000,1.000000,0.000000,0.000000,1.000000,0.000000,0.000066,0.000000,0.000000,45.000000,0.000000,1.000000;;
 }

 Frame pelvis {
  

  FrameTransformMatrix {
   0.998113,-0.000888,-0.061389,0.000000,0.005452,0.997227,0.074220,0.000000,0.061153,-0.074415,0.995351,0.000000,-22.228450,5.416164,-0.000000,1.000000;;
  }

  Frame Spine_01 {
   

   FrameTransformMatrix {
    0.987700,0.132492,0.083037,0.000000,-0.130355,0.990993,-0.030669,0.000000,-0.086353,0.019467,0.996075,0.000000,18.909938,0.000000,0.000000,1.000000;;
   }

   Frame Spine_02 {
    

    FrameTransformMatrix {
     0.997926,-0.063888,-0.007932,0.000000,0.063457,0.996919,-0.046102,0.000000,0.010853,0.045503,0.998905,0.000000,28.349536,0.000000,0.000000,1.000000;;
    }

    Frame Neck {
     

     FrameTransformMatrix {
      0.844599,0.535349,-0.007361,0.000000,-0.535363,0.844622,0.000039,0.000000,0.006238,0.003908,0.999973,0.000000,9.015320,10.175862,0.000000,1.000000;;
     }

     Frame Head {
      

      FrameTransformMatrix {
       0.751177,-0.659714,-0.022633,0.000000,0.660037,0.750179,0.039790,0.000000,-0.009272,-0.044828,0.998952,0.000000,22.295685,0.000000,0.000000,1.000000;;
      }

      Frame Jaw_01 {
       

       FrameTransformMatrix {
        0.863577,-0.503082,0.033818,0.000000,0.497486,0.861052,0.105344,0.000000,-0.082116,-0.074149,0.993861,0.000000,6.407280,-4.295059,-0.396112,1.000000;;
       }

       Frame Jaw_02 {
        

        FrameTransformMatrix {
         0.988228,-0.082409,-0.128896,0.000000,0.090935,0.993943,0.061711,0.000000,0.123030,-0.072706,0.989736,0.000000,10.926220,0.000000,0.000000,1.000000;;
        }
       }
      }

      Frame Tongue_01 {
       

       FrameTransformMatrix {
        0.913999,-0.365029,0.177087,0.000000,0.383891,0.919332,-0.086358,0.000000,-0.131278,0.146913,0.980399,0.000000,14.908306,-7.506515,-0.259753,1.000000;;
       }

       Frame Tongue_02 {
        

        FrameTransformMatrix {
         0.859042,-0.413075,0.302351,0.000000,0.240680,0.847200,0.473630,0.000000,-0.451796,-0.334098,0.827200,0.000000,4.128147,-0.000008,0.000002,1.000000;;
        }

        Frame Tongue_03 {
         

         FrameTransformMatrix {
          0.759082,-0.642800,0.102971,0.000000,0.650991,0.750099,-0.116454,0.000000,-0.002382,0.155431,0.987844,0.000000,4.131344,0.000008,-0.000004,1.000000;;
         }

         Frame Tongue_04 {
          

          FrameTransformMatrix {
           0.982694,0.145811,0.114244,0.000000,-0.146745,0.989175,-0.000241,0.000000,-0.113043,-0.016528,0.993453,0.000000,4.427990,0.000000,0.000002,1.000000;;
          }
         }
        }
       }
      }

      Frame Ear_01_R {
       

       FrameTransformMatrix {
        0.778552,-0.049548,-0.625621,0.000000,0.278488,0.920630,0.273652,0.000000,0.562407,-0.387280,0.730557,0.000000,4.937828,6.678986,-6.528194,1.000000;;
       }

       Frame Ear_02_R {
        

        FrameTransformMatrix {
         0.714477,-0.693784,0.090479,0.000000,0.686422,0.720110,0.101323,0.000000,-0.135451,-0.010286,0.990731,0.000000,-0.000004,0.000000,-3.866001,1.000000;;
        }
       }
      }

      Frame Ear_01_L {
       

       FrameTransformMatrix {
        0.969907,-0.239566,0.043458,0.000000,0.243471,0.955458,-0.166802,0.000000,-0.001562,0.172363,0.985033,0.000000,4.937828,6.385078,5.865082,1.000000;;
       }

       Frame Ear_02_L {
        

        FrameTransformMatrix {
         0.784278,-0.612015,0.101715,0.000000,0.618374,0.757856,-0.208011,0.000000,0.050220,0.226036,0.972824,0.000000,0.000006,0.000000,5.033617,1.000000;;
        }
       }
      }
     }
    }

    Frame Front_Thigh_L {
     

     FrameTransformMatrix {
      0.999547,0.030094,0.000067,0.000000,0.030067,-0.998536,-0.044974,0.000000,-0.001287,0.044956,-0.998988,0.000000,-0.415970,-13.590110,8.335794,1.000000;;
     }

     Frame Front_Calf_L {
      

      FrameTransformMatrix {
       0.923828,0.382735,0.007526,0.000000,-0.382673,0.923845,-0.008467,0.000000,-0.010193,0.004942,0.999936,0.000000,0.000000,12.666578,0.000000,1.000000;;
      }

      Frame Front_Foot_L {
       

       FrameTransformMatrix {
        0.771817,-0.635421,0.023206,0.000000,0.635801,0.770821,-0.039906,0.000000,0.007469,0.045554,0.998934,0.000000,0.000000,15.710509,0.000000,1.000000;;
       }

       Frame Front_Toe_L {
        

        FrameTransformMatrix {
         1.000000,0.000000,0.000000,0.000000,0.000000,1.000000,-0.000000,0.000000,0.000000,0.000000,1.000000,0.000000,0.000000,5.248310,0.000000,1.000000;;
        }
       }
      }
     }
    }

    Frame Front_Thigh_R {
     

     FrameTransformMatrix {
      0.972957,0.230988,-0.000046,0.000000,0.230686,-0.971675,0.051294,0.000000,0.011803,-0.049917,-0.998684,0.000000,-2.354256,-13.649288,-8.336906,1.000000;;
     }

     Frame Front_Calf_R {
      

      FrameTransformMatrix {
       0.941240,0.272760,0.199170,0.000000,-0.266087,0.962076,-0.060070,0.000000,-0.208001,0.003543,0.978122,0.000000,0.000000,12.512596,-0.000001,1.000000;;
      }

      Frame Front_Foot_R {
       

       FrameTransformMatrix {
        0.973271,-0.229406,-0.010823,0.000000,0.229272,0.967799,0.103920,0.000000,-0.013366,-0.103624,0.994527,0.000000,0.000000,14.693987,-0.000002,1.000000;;
       }

       Frame Front_Toe_R {
        

        FrameTransformMatrix {
         1.000000,0.000000,0.000000,0.000000,0.000000,1.000000,-0.000000,0.000000,0.000000,0.000000,1.000000,0.000000,0.000002,6.188766,0.000000,1.000000;;
        }
       }
      }
     }
    }
   }
  }

  Frame Back_Thigh_R {
   

   FrameTransformMatrix {
    0.971907,0.223068,-0.075090,0.000000,0.216209,-0.972218,-0.089704,0.000000,-0.093014,0.070949,-0.993134,0.000000,-5.180359,0.552761,-8.657051,1.000000;;
   }

   Frame Back_Calf_R {
    

    FrameTransformMatrix {
     0.697705,0.716367,-0.005110,0.000000,-0.713213,0.693928,-0.098951,0.000000,-0.067339,0.072684,0.995079,0.000000,0.000002,14.848416,0.000000,1.000000;;
    }

    Frame Back_Foot_R {
     

     FrameTransformMatrix {
      0.860815,-0.508895,-0.004892,0.000000,0.507832,0.859564,-0.057062,0.000000,0.033244,0.046635,0.998359,0.000000,-0.000004,14.403077,0.000013,1.000000;;
     }

     Frame Back_Toe_R {
      

      FrameTransformMatrix {
       0.953729,-0.300669,0.000000,0.000000,0.300669,0.953729,-0.000000,0.000000,0.000000,-0.000000,1.000000,0.000000,0.000002,16.065555,0.000002,1.000000;;
      }
     }
    }
   }
  }

  Frame Back_Thigh_L {
   

   FrameTransformMatrix {
    0.774328,0.627994,-0.077718,0.000000,0.630858,-0.756547,0.172207,0.000000,0.049347,-0.182374,-0.981990,0.000000,-6.599371,-0.220913,7.427391,1.000000;;
   }

   Frame Back_Calf_L {
    

    FrameTransformMatrix {
     0.471516,0.880388,-0.050889,0.000000,-0.859683,0.471753,0.195945,0.000000,0.196515,-0.048642,0.979294,0.000000,0.000001,14.025162,-0.000002,1.000000;;
    }

    Frame Back_Foot_L {
     

     FrameTransformMatrix {
      0.955227,-0.294705,-0.026267,0.000000,0.293044,0.954605,-0.053431,0.000000,0.040821,0.043341,0.998226,0.000000,0.000000,15.796142,-0.000001,1.000000;;
     }

     Frame Back_Toe_L {
      

      FrameTransformMatrix {
       0.991517,-0.129976,0.000000,0.000000,0.129976,0.991517,0.000000,0.000000,-0.000000,0.000000,1.000000,0.000000,0.000000,15.297435,-0.000003,1.000000;;
      }
     }
    }
   }
  }

  Frame Tail_01 {
   

   FrameTransformMatrix {
    -0.548784,-0.834710,0.045790,0.000000,-0.746634,0.514042,0.422255,0.000000,-0.375998,0.197538,-0.905320,0.000000,-15.674499,6.040653,-1.032413,1.000000;;
   }

   Frame Tail_02 {
    

    FrameTransformMatrix {
     0.885372,-0.165286,-0.434509,0.000000,0.344859,0.860299,0.375443,0.000000,0.311752,-0.482250,0.818685,0.000000,4.099024,0.000000,0.000000,1.000000;;
    }
   }
  }
 }
}

Frame goat {
 

 FrameTransformMatrix {
  1.000000,0.000000,0.000000,0.000000,0.000000,1.000000,0.000000,0.000000,0.000000,0.000000,1.000000,0.000000,0.000000,0.000000,0.000000,1.000000;;
 }

 Mesh goat {
  5888;
  -6.462487;95.772589;-45.945386;,
  -6.549520;95.723891;-45.962480;,
  -6.507961;95.821261;-45.954365;,
  -6.706660;95.705293;-45.779354;,
  -6.548159;95.813766;-45.801923;,
  -6.722747;95.652480;-45.972483;,
  -6.508579;95.587981;-46.650554;,
  -6.461260;95.232422;-48.591686;,
  -6.353547;95.586304;-47.862477;,
  -6.412961;96.020570;-46.630688;,
  -6.438020;95.843552;-46.215939;,
  -6.583418;95.931302;-45.840838;,
  -6.548159;95.813766;-45.801923;,
  -6.549520;95.723891;-45.962480;,
  -6.474375;95.725069;-46.230666;,
  -6.219907;95.690278;-48.685914;,
  -6.324444;96.031552;-47.909814;,
  -6.515430;96.141146;-46.637088;,
  -6.787109;95.949933;-45.936355;,
  -6.731059;95.911392;-45.796128;,
  -6.578582;95.823718;-45.644947;,
  -6.807526;96.186310;-46.620755;,
  -6.671495;96.292160;-47.210614;,
  -7.414244;95.924288;-48.716362;,
  -7.545026;95.468198;-50.827930;,
  -7.566600;95.435366;-49.628499;,
  -7.323046;95.755565;-47.852154;,
  -7.160732;96.005997;-47.172214;,
  -6.815855;95.615610;-46.226570;,
  -6.787109;95.949933;-45.936355;,
  -7.171402;96.218355;-47.899501;,
  -6.693124;96.333299;-48.798051;,
  -7.202209;95.161088;-48.579600;,
  -7.004929;95.494586;-47.143834;,
  -6.897013;95.270528;-47.805027;,
  -6.982650;94.771533;-49.429219;,
  -7.299194;94.520934;-50.445389;,
  -6.889837;93.943891;-51.325104;,
  -7.240578;94.051866;-51.446474;,
  -6.704534;93.355744;-52.238109;,
  -6.807222;92.761901;-53.319811;,
  -6.079561;91.909421;-53.862944;,
  -6.474375;95.725069;-46.230666;,
  -6.625941;95.642336;-46.043011;,
  -6.508579;95.587981;-46.650554;,
  -6.461260;95.232422;-48.591686;,
  -6.312711;94.613715;-50.378179;,
  -6.173366;94.186464;-51.306477;,
  -5.923199;93.637728;-52.174589;,
  -5.996317;92.753395;-52.969616;,
  -5.175222;92.248109;-53.698195;,
  -5.196730;91.199802;-54.362323;,
  -4.230426;90.618611;-54.875066;,
  -3.710084;87.767789;-56.351808;,
  -3.373602;88.910554;-55.790259;,
  -2.869129;87.456800;-56.348013;,
  -3.601726;86.991456;-56.552339;,
  -4.255448;87.613114;-56.694246;,
  -4.179868;86.774221;-56.919238;,
  -5.249088;90.231264;-55.123648;,
  -3.710084;87.767789;-56.351808;,
  -6.076106;91.155520;-54.863456;,
  -4.887064;88.556819;-56.611712;,
  -4.633629;87.619142;-57.089402;,
  -5.067124;88.753280;-57.087430;,
  -4.763059;87.969805;-58.011859;,
  -5.070535;89.041318;-57.569645;,
  -4.585958;88.368838;-58.505274;,
  -5.230636;90.348742;-57.393248;,
  -4.534620;86.661818;-57.365568;,
  -4.678607;86.668973;-57.802746;,
  -4.674692;86.701645;-58.402291;,
  -4.394297;87.354413;-58.985338;,
  -3.926680;87.763974;-59.336102;,
  -4.830897;90.719437;-57.634515;,
  -3.334364;88.031827;-59.452454;,
  -6.150091;92.125798;-56.003187;,
  -5.784284;92.498022;-56.186822;,
  -6.585715;92.982176;-55.149824;,
  -6.645857;94.092051;-54.300090;,
  -7.241162;94.440070;-53.097779;,
  -7.208004;95.340531;-52.086282;,
  -7.572103;94.662214;-51.813923;,
  -6.976761;95.943590;-50.950480;,
  -7.313238;96.027008;-49.787328;,
  -6.425893;95.578189;-52.045075;,
  -6.575842;94.964032;-53.227546;,
  -6.371250;96.056915;-49.759994;,
  -5.781540;94.413619;-54.186445;,
  -5.803942;93.595091;-55.312531;,
  -5.772231;94.929786;-52.948320;,
  -5.856556;95.158189;-51.717299;,
  -5.124484;94.065491;-53.633622;,
  -4.896407;93.624864;-54.852480;,
  -4.783811;92.911462;-56.002240;,
  -4.781460;91.914170;-56.960819;,
  -3.782014;92.029517;-56.384198;,
  -3.721168;91.175322;-57.474362;,
  -3.884181;90.059699;-58.332781;,
  -5.784284;92.498022;-56.186822;,
  -2.938566;89.217741;-58.769805;,
  -2.747984;90.244173;-57.718938;,
  -2.953671;90.961062;-56.518470;,
  -4.100668;92.614810;-55.224627;,
  -3.519283;91.444589;-55.415546;,
  -4.615085;93.013306;-54.120646;,
  -4.309395;91.836410;-54.490214;,
  -2.684814;88.189498;-59.292723;,
  -2.098448;88.261037;-58.866726;,
  -2.020070;89.162400;-57.633178;,
  -2.475965;89.737312;-56.441978;,
  -3.278798;90.167021;-55.542042;,
  -2.162397;87.837677;-56.538176;,
  -3.373602;88.910554;-55.790259;,
  -2.869129;87.456800;-56.348013;,
  -4.230426;90.618611;-54.875066;,
  -5.175222;92.248109;-53.698195;,
  -1.532881;88.014208;-57.280826;,
  -1.682457;88.252934;-58.191366;,
  -4.806978;92.609024;-53.841235;,
  -5.634375;93.949414;-52.280598;,
  -5.923199;93.637728;-52.174589;,
  -6.173366;94.186464;-51.306477;,
  -6.002359;95.205382;-50.563507;,
  -6.312711;94.613715;-50.378179;,
  -6.461260;95.232422;-48.591686;,
  -5.490643;94.315245;-52.464902;,
  14.522078;86.033709;-57.882227;,
  15.371752;86.202662;-57.838880;,
  15.073917;85.916166;-57.771859;,
  15.362051;85.499360;-57.164083;,
  15.585579;86.219878;-57.489344;,
  15.105413;85.420237;-56.667245;,
  15.448826;86.440717;-57.748115;,
  15.015606;86.418234;-57.817491;,
  14.466974;86.273504;-57.800077;,
  13.876288;86.101318;-57.764051;,
  13.345213;85.624032;-57.693440;,
  13.269585;85.915546;-57.649178;,
  12.660071;85.450342;-57.516109;,
  11.812311;85.311693;-57.485670;,
  13.071064;84.266694;-56.552192;,
  13.786507;84.714803;-56.677523;,
  12.568071;85.752045;-57.509843;,
  10.721573;85.594419;-57.354566;,
  9.721023;85.251008;-57.569856;,
  9.607866;85.526618;-57.281395;,
  11.242894;82.549926;-57.120115;,
  11.249249;82.837094;-57.350976;,
  12.503249;82.747840;-56.713312;,
  9.999018;82.591002;-57.377901;,
  10.034689;82.820979;-57.742029;,
  11.081045;83.631078;-57.050637;,
  9.965721;83.623488;-57.374726;,
  10.909430;84.866893;-57.466515;,
  12.048774;84.239123;-56.883379;,
  7.650945;84.999814;-57.565568;,
  7.582972;85.009440;-57.182560;,
  8.534986;85.300973;-57.199974;,
  8.638358;85.147834;-57.566381;,
  8.760918;84.804045;-57.721939;,
  8.922654;83.268883;-57.829242;,
  8.881854;82.891974;-57.640269;,
  7.974066;82.832800;-56.358342;,
  7.919661;82.601446;-57.048653;,
  8.882912;82.697990;-57.304736;,
  7.875055;82.772198;-57.428614;,
  7.817657;83.523616;-57.860659;,
  7.784350;84.398080;-57.952429;,
  7.739503;84.760512;-57.851802;,
  6.976459;82.779277;-57.590029;,
  6.901011;83.862483;-58.019782;,
  6.894755;84.366419;-58.025536;,
  6.885624;84.741747;-57.873376;,
  6.807529;84.952710;-57.582835;,
  6.693943;85.010118;-57.218195;,
  6.837003;83.832704;-55.467341;,
  7.806283;83.936320;-55.731603;,
  7.645074;84.363238;-55.835411;,
  6.996254;83.334784;-55.511322;,
  7.904360;83.505568;-55.856154;,
  7.154326;82.539686;-55.945894;,
  7.129571;82.344531;-56.347162;,
  7.023268;82.419085;-57.231763;,
  8.953768;82.928704;-56.596403;,
  8.882912;82.697990;-57.304736;,
  8.933056;83.617338;-56.007917;,
  8.859715;84.057619;-55.831846;,
  9.821023;84.653005;-55.969248;,
  8.609001;84.926675;-56.079392;,
  10.685084;85.478509;-56.590918;,
  9.600594;85.399315;-56.468154;,
  9.919529;84.164506;-55.951014;,
  10.847551;84.774534;-56.066131;,
  11.714471;85.310778;-56.416800;,
  12.508498;85.745242;-56.869146;,
  12.634492;85.248032;-56.352736;,
  13.258446;85.809830;-56.815955;,
  13.692491;85.069651;-56.199130;,
  14.069376;85.663405;-56.563469;,
  11.882269;84.542029;-56.046214;,
  10.930003;84.293062;-56.003130;,
  9.981575;83.706131;-56.115386;,
  11.071349;83.387072;-56.270022;,
  12.123335;83.695853;-56.072941;,
  12.919190;84.574778;-56.045107;,
  14.407195;84.260832;-56.109018;,
  14.751406;85.038470;-56.328461;,
  14.961163;84.824134;-56.441427;,
  13.610752;83.345152;-56.407136;,
  14.488597;84.031226;-56.438605;,
  13.500931;83.569395;-56.071693;,
  12.378856;82.977523;-56.368333;,
  11.176306;82.714778;-56.770208;,
  10.007520;82.944800;-56.682822;,
  12.503249;82.747840;-56.713312;,
  11.242894;82.549926;-57.120115;,
  6.713148;13.328293;28.398378;,
  7.447400;14.556531;28.128979;,
  6.725091;14.636902;28.162461;,
  7.153838;15.865923;28.132294;,
  6.679425;17.155270;28.137376;,
  6.320648;14.709246;27.815341;,
  5.731637;12.238254;27.902394;,
  6.345276;15.967192;27.760163;,
  6.440769;18.439448;28.042643;,
  6.645008;19.679968;28.251219;,
  6.364771;20.978824;28.138003;,
  6.903274;20.907299;28.313088;,
  6.553060;22.204941;28.504272;,
  7.266526;22.160080;28.498483;,
  6.016770;14.776021;27.186093;,
  5.402117;12.324066;27.000691;,
  5.431350;10.978886;27.553734;,
  5.642113;10.914173;28.000627;,
  6.049283;22.301446;27.929424;,
  5.910694;21.154158;26.932650;,
  6.133321;18.517702;27.482166;,
  6.069821;16.040558;27.127405;,
  5.851006;14.823987;26.276142;,
  5.623037;13.587854;26.379192;,
  5.407806;12.353779;26.463630;,
  5.579437;22.469675;25.418770;,
  5.748340;22.421066;26.890051;,
  5.369676;23.633304;25.160771;,
  5.686116;21.224117;25.669328;,
  5.755009;19.927853;25.888832;,
  5.813688;18.630024;26.051555;,
  5.893627;16.085264;26.203522;,
  4.907940;28.252256;24.375133;,
  5.044416;27.101395;25.542664;,
  5.231775;28.483789;26.191944;,
  5.099033;25.827053;24.665206;,
  5.310452;26.007790;26.563379;,
  5.178414;24.746302;24.915016;,
  5.304047;24.834206;26.793698;,
  5.610546;23.597507;27.538288;,
  6.043672;23.550686;28.514832;,
  5.707502;24.900757;28.023270;,
  5.791475;26.166315;27.793555;,
  6.352654;24.948410;28.734480;,
  6.843248;23.522786;28.936282;,
  6.795834;24.946920;28.861094;,
  5.453474;27.381117;27.102899;,
  6.035212;27.543770;28.072438;,
  6.458404;26.256491;28.505834;,
  6.910694;26.251298;28.599318;,
  7.820642;26.127720;28.268058;,
  7.380730;27.477152;28.292461;,
  8.744540;29.400470;27.045923;,
  6.900818;27.550339;28.408390;,
  6.553500;28.768874;28.071936;,
  6.148065;30.941171;26.914266;,
  9.278262;32.499053;26.551445;,
  9.848862;32.440307;25.968467;,
  10.249155;33.448848;25.966808;,
  9.486099;30.318736;26.298451;,
  8.842010;30.473014;26.797771;,
  7.638499;29.678944;27.586864;,
  7.336816;30.824883;27.421213;,
  6.925186;30.884288;27.369453;,
  10.402246;32.368678;25.130920;,
  10.758590;33.448845;25.074125;,
  7.335006;32.777901;27.313187;,
  7.799786;32.689802;27.383677;,
  11.626754;34.636253;24.064896;,
  11.272972;34.518762;25.207877;,
  11.236609;33.461779;24.018059;,
  10.915577;32.290778;24.130821;,
  10.665624;29.968192;24.692949;,
  10.427420;27.563581;25.408891;,
  9.249446;28.078890;26.863350;,
  10.647438;26.152178;24.684291;,
  11.148354;30.974442;23.315661;,
  11.671977;33.471059;22.886246;,
  11.947919;34.747123;22.859170;,
  12.126834;36.031395;22.909392;,
  12.144323;37.064576;24.351229;,
  12.347750;37.292160;23.034882;,
  12.122131;36.086282;21.595562;,
  12.051659;37.205949;20.295192;,
  12.576562;38.751030;22.041280;,
  11.944824;47.129312;17.374630;,
  12.601482;46.340272;20.290440;,
  12.069420;45.932189;16.761715;,
  12.675608;43.736243;18.824424;,
  12.779735;42.846995;20.625691;,
  12.293752;40.296115;18.629408;,
  11.845872;37.803069;18.648963;,
  11.300560;36.123565;17.802776;,
  12.022635;34.770288;21.593064;,
  12.230138;43.331043;16.310586;,
  12.096512;41.895360;16.334003;,
  11.189934;35.010112;18.155221;,
  11.944907;33.425546;21.690531;,
  11.708546;46.149190;15.839018;,
  11.657177;44.971229;15.260733;,
  11.452798;43.820928;14.687755;,
  11.599629;41.048819;15.544512;,
  11.387244;37.976669;16.916555;,
  10.856461;35.753904;17.053781;,
  11.229923;45.139469;14.410582;,
  10.753054;37.592227;16.162194;,
  10.532375;38.922227;15.257794;,
  10.803141;33.501475;17.875221;,
  10.406615;35.536704;16.656864;,
  10.120327;37.369581;15.829421;,
  9.678950;38.691184;15.152083;,
  8.725514;39.453210;14.728874;,
  9.724684;40.103869;14.327563;,
  10.925257;40.357011;14.905122;,
  6.754126;38.862774;16.439125;,
  6.318488;38.421914;16.327232;,
  7.658714;38.732669;15.451437;,
  7.973115;38.884230;15.484733;,
  8.264536;38.751946;15.582067;,
  9.096537;37.967725;15.739843;,
  9.853166;35.474602;16.633397;,
  10.381090;33.315341;17.481627;,
  9.341299;34.540214;17.328074;,
  8.507644;35.801117;17.554306;,
  6.590683;38.590173;17.472098;,
  5.850054;38.444298;17.522899;,
  7.275885;38.707283;16.596062;,
  8.568374;37.273472;16.631160;,
  7.169482;37.459235;18.271693;,
  7.019137;36.189424;19.209789;,
  7.110642;38.352474;17.417789;,
  6.389409;38.260054;18.368688;,
  6.040581;37.902250;19.371776;,
  5.811258;37.564323;20.393608;,
  5.099188;38.371402;19.477918;,
  5.317344;38.314765;18.419539;,
  4.779157;37.871600;18.544610;,
  5.450286;38.027366;17.496981;,
  5.375506;36.583603;22.543914;,
  5.183844;37.680419;22.919336;,
  5.581408;37.145379;21.430115;,
  5.104898;38.117437;21.876171;,
  4.975294;38.342995;20.688472;,
  4.595804;38.379510;19.391586;,
  4.092869;38.191072;19.230294;,
  5.317344;38.314765;18.419539;,
  4.362706;38.421088;20.726390;,
  4.486552;38.339085;22.050557;,
  4.647276;37.880189;24.476861;,
  5.064736;37.603050;24.207181;,
  3.774394;38.373344;20.643786;,
  3.034910;38.278557;22.151440;,
  3.382003;38.161773;23.570914;,
  2.563479;38.108787;23.678400;,
  4.027243;37.968576;24.728944;,
  3.252308;37.915578;24.954376;,
  5.258516;37.150454;23.986589;,
  5.322277;35.688918;23.697117;,
  5.432862;33.457238;22.583382;,
  5.236884;33.418682;23.667549;,
  5.195000;32.154038;23.752013;,
  5.091417;29.569082;23.101154;,
  4.907940;28.252256;24.375133;,
  5.162429;27.094957;22.402462;,
  5.584752;30.902954;21.838621;,
  5.940915;34.624618;21.395910;,
  5.875069;35.694282;21.301376;,
  6.112286;37.022810;20.277237;,
  7.274269;35.329731;19.233406;,
  6.496418;33.339181;20.449907;,
  5.508726;27.141674;21.513645;,
  5.186093;25.828213;21.646560;,
  5.104355;25.830646;22.534893;,
  5.356408;24.321094;21.363926;,
  5.843892;24.186942;20.905702;,
  5.835069;22.998144;21.720046;,
  5.976694;25.552979;20.425096;,
  6.459995;26.876147;20.273563;,
  8.040393;32.861267;18.950254;,
  7.114902;22.867043;21.164773;,
  6.468817;21.822910;22.058386;,
  6.498949;24.084808;20.594917;,
  6.624797;25.364277;20.083283;,
  7.061380;26.660685;19.911685;,
  7.751658;29.031408;19.339310;,
  9.225462;32.324000;18.089757;,
  7.411138;25.227544;19.967014;,
  8.429982;26.362755;19.804619;,
  8.988590;25.078122;20.126920;,
  9.300242;27.525565;19.639480;,
  9.708174;26.366234;20.247330;,
  9.735209;25.115518;20.410538;,
  8.408188;28.840010;19.158880;,
  9.739684;32.169078;17.873667;,
  9.755069;29.831245;18.860645;,
  9.987717;28.762774;19.607920;,
  10.303614;27.698787;20.449392;,
  10.383464;25.239464;20.893510;,
  10.382664;31.092694;18.785240;,
  10.867409;29.067552;20.738445;,
  10.728375;25.457312;21.662862;,
  11.582645;31.881766;20.856058;,
  11.042109;28.085642;21.967013;,
  10.865647;24.495026;22.891382;,
  10.719947;24.243355;22.007648;,
  10.345130;23.108430;22.759112;,
  9.960173;22.908062;22.088421;,
  10.926329;27.114950;23.325386;,
  10.773616;24.761883;23.874728;,
  10.434545;25.032749;24.909149;,
  10.150074;26.405942;25.677765;,
  7.317749;23.510715;28.830963;,
  7.700628;24.854718;28.473229;,
  8.798534;25.808306;27.324979;,
  8.590043;24.644827;27.550307;,
  8.464290;23.417699;27.651818;,
  7.923071;22.159912;27.922611;,
  9.302601;21.801976;25.890160;,
  8.599669;20.773074;26.584182;,
  9.254930;20.369698;25.469315;,
  8.984276;19.165771;25.671070;,
  7.184438;20.892483;28.213306;,
  7.160488;19.637742;28.152170;,
  8.578746;18.073486;26.265133;,
  8.805426;15.433325;25.821723;,
  7.372289;17.092821;27.972941;,
  7.605246;15.798776;27.794467;,
  6.909660;18.388218;28.226486;,
  7.717128;14.527576;27.932576;,
  8.411707;14.339874;26.777176;,
  6.370929;10.700822;28.526285;,
  7.516924;11.920700;28.603261;,
  8.270550;11.923427;28.318922;,
  8.314600;13.233040;27.840970;,
  8.764090;13.081688;26.941350;,
  8.623357;11.922005;28.031091;,
  9.063609;11.774275;27.070058;,
  8.944391;14.084586;25.332699;,
  9.000591;12.911560;25.887504;,
  9.176909;11.639482;25.934218;,
  8.996737;12.787330;24.863171;,
  9.041022;11.638742;24.876334;,
  8.958391;13.996045;24.832690;,
  8.966326;17.636739;24.637579;,
  9.142226;18.966824;25.085453;,
  9.383338;20.127957;24.818571;,
  8.853537;18.662232;23.989318;,
  8.748234;17.528546;24.151002;,
  8.725536;13.924261;24.420242;,
  8.751832;12.747047;24.459696;,
  8.134947;19.608658;22.953221;,
  9.039157;19.757990;23.652774;,
  9.614698;20.988882;23.769283;,
  8.000570;17.360432;23.480874;,
  8.036446;18.497907;23.299078;,
  7.082758;20.718552;22.457635;,
  8.291216;20.684891;22.471573;,
  8.842756;20.717490;22.748384;,
  9.649671;21.829514;22.609517;,
  9.116686;21.737682;22.144768;,
  8.480633;21.719965;21.864536;,
  7.104336;21.787522;21.852314;,
  6.525990;20.747885;22.644459;,
  9.645763;23.926224;20.819275;,
  8.641733;22.807750;21.323138;,
  7.262226;24.012539;20.441718;,
  14.988032;86.511872;-57.311981;,
  15.381803;86.416486;-57.333267;,
  15.334053;86.542765;-57.550176;,
  15.015606;86.418234;-57.817491;,
  14.466974;86.273504;-57.800077;,
  7.474803;84.702662;-56.074349;,
  8.510997;85.205811;-56.391059;,
  9.566460;85.551360;-56.862662;,
  11.662106;85.716864;-57.058970;,
  13.213026;86.033453;-57.395494;,
  13.837827;86.204858;-57.263315;,
  13.876288;86.101318;-57.764051;,
  13.269585;85.915546;-57.649178;,
  12.568071;85.752045;-57.509843;,
  10.721573;85.594419;-57.354566;,
  9.607866;85.526618;-57.281395;,
  8.534986;85.300973;-57.199974;,
  7.582972;85.009440;-57.182560;,
  7.475442;84.892659;-56.418784;,
  6.693943;85.010118;-57.218195;,
  6.367758;84.907546;-56.459699;,
  6.047509;84.824576;-55.952390;,
  6.567813;84.329203;-55.607667;,
  6.033542;83.724608;-54.985670;,
  6.247172;83.120499;-55.009517;,
  6.654621;7.516715;27.584486;,
  7.030329;8.199810;28.281507;,
  6.446133;8.002274;28.347344;,
  7.171706;7.701326;27.617178;,
  7.521508;8.083059;28.318890;,
  7.701001;7.542134;27.678352;,
  7.518110;9.018133;28.824800;,
  7.695425;10.598950;28.627654;,
  6.826362;10.617886;28.580022;,
  6.930474;9.265612;28.671770;,
  6.343898;9.262883;28.744368;,
  5.767222;7.978392;28.194720;,
  6.163470;7.626118;27.342634;,
  6.786837;7.379450;26.897693;,
  5.794637;9.363184;28.526166;,
  5.376829;8.260680;27.719978;,
  5.813052;7.744042;27.019696;,
  6.355832;7.253192;26.752006;,
  5.750012;7.148164;26.184467;,
  5.999820;7.156966;26.523221;,
  5.606114;7.879438;26.631120;,
  5.211658;8.553318;27.208733;,
  5.446400;9.525378;28.088077;,
  5.391683;11.128811;26.478416;,
  5.292072;9.679819;27.570205;,
  5.120256;8.787388;26.675610;,
  5.451678;8.003446;26.194243;,
  5.338354;9.986010;26.420480;,
  5.156995;9.017046;26.089725;,
  5.435636;8.183074;25.673066;,
  5.610176;7.211322;25.754227;,
  5.576779;7.344011;25.224186;,
  5.813339;6.336010;25.864250;,
  5.541535;5.436874;25.159118;,
  5.459083;5.475498;24.499605;,
  5.511544;4.481899;24.939024;,
  5.498318;4.502830;24.189768;,
  5.543645;3.744175;24.766822;,
  5.512754;3.770901;23.961472;,
  5.383652;3.299892;23.850461;,
  5.233676;2.538395;24.634976;,
  5.499941;2.540916;25.302808;,
  5.759432;3.751732;25.365976;,
  5.966313;4.514488;25.992554;,
  6.047432;5.463692;26.050757;,
  6.075308;6.371626;26.207083;,
  6.410081;6.471984;26.447366;,
  6.439893;5.539448;26.234080;,
  6.393960;4.564606;26.239605;,
  6.420442;3.811050;26.003856;,
  7.311927;3.339619;25.889053;,
  6.400020;2.486523;25.837330;,
  8.542880;2.627686;26.035171;,
  8.572731;4.019508;26.249760;,
  8.096127;2.621082;26.090691;,
  8.148623;3.955418;26.420608;,
  8.058442;5.840626;26.506792;,
  7.316354;4.724861;26.260536;,
  7.336730;2.397846;25.619030;,
  9.886648;2.098835;22.178592;,
  10.089966;2.548615;23.028490;,
  9.750699;2.177094;23.840131;,
  9.739430;2.573982;24.693568;,
  9.177130;2.272797;25.220907;,
  9.352537;2.601372;25.315632;,
  8.900433;3.455013;25.754581;,
  8.856615;4.935986;26.019838;,
  8.721269;5.919414;26.139915;,
  9.026586;6.013016;25.745853;,
  9.527064;5.171715;24.940069;,
  9.276250;3.475502;25.279410;,
  9.489986;4.215374;24.675192;,
  9.784630;3.626988;23.791314;,
  10.146119;3.341850;22.037598;,
  9.946794;3.760658;22.859005;,
  9.589390;4.622700;23.211560;,
  9.743046;5.669819;23.500989;,
  9.469305;6.434540;24.535339;,
  9.051194;6.900344;26.129618;,
  9.753154;4.173782;22.260698;,
  9.946987;3.683819;21.697614;,
  9.645332;5.911903;22.885531;,
  9.371708;7.660404;24.325445;,
  9.211828;5.039295;22.326677;,
  9.498026;3.825546;21.425640;,
  10.014471;2.829426;20.800490;,
  10.126579;2.300735;21.346397;,
  9.952776;2.347313;20.585826;,
  9.434267;2.568432;20.311456;,
  9.520186;2.951469;20.541123;,
  9.022562;2.980396;20.605154;,
  8.950852;2.632141;20.464013;,
  8.993143;2.276951;20.565970;,
  8.585212;2.610603;20.806034;,
  8.616884;2.303497;20.846787;,
  8.166399;2.557461;21.061414;,
  9.322502;2.254879;20.395818;,
  9.231150;2.116169;20.887650;,
  9.322502;2.254879;20.395818;,
  8.838396;2.123093;21.121771;,
  8.616884;2.303497;20.846787;,
  8.166399;2.557461;21.061414;,
  8.585212;2.610603;20.806034;,
  6.964472;2.180920;20.216557;,
  6.955954;2.594521;19.852291;,
  7.312410;2.509430;20.017379;,
  7.334134;2.151566;20.496146;,
  7.776969;2.528797;20.837579;,
  8.124267;2.275665;21.096946;,
  6.891012;2.972168;20.011427;,
  6.433608;2.872604;20.045989;,
  6.412766;3.402126;20.441022;,
  6.593496;2.371964;19.958234;,
  6.570069;2.109951;20.636651;,
  7.737703;2.070312;21.366362;,
  8.645747;2.058586;21.696002;,
  5.606470;3.862503;23.111003;,
  5.465092;3.362526;22.937090;,
  5.800118;4.016056;22.418291;,
  5.840622;3.604836;21.514605;,
  6.226932;4.390404;21.665491;,
  6.020834;3.253223;20.686466;,
  6.515247;4.520439;21.487045;,
  6.831814;3.455646;20.423187;,
  5.744058;2.650150;21.133645;,
  5.307478;2.586895;22.822448;,
  5.200267;2.550411;23.746986;,
  5.233677;2.160316;24.627016;,
  5.239036;2.179874;23.727946;,
  5.602164;2.233574;21.948032;,
  6.203081;2.275848;20.442520;,
  6.020674;2.721622;20.428416;,
  5.945243;2.053513;22.037874;,
  5.558133;2.007538;24.550898;,
  5.561842;2.200531;25.244834;,
  6.015218;2.210609;25.526925;,
  7.474099;2.151993;25.031734;,
  6.793662;2.031570;23.825320;,
  8.094774;2.399956;25.910464;,
  8.469210;2.091522;24.862280;,
  8.079386;2.026543;22.702008;,
  9.443650;2.042400;22.952014;,
  9.438286;2.053696;21.441654;,
  9.811106;2.068455;21.371522;,
  9.592122;2.131435;20.717738;,
  8.838396;2.123093;21.121771;,
  9.434267;2.568432;20.311456;,
  7.247794;7.433659;27.002218;,
  7.682798;7.388966;26.987238;,
  7.667832;6.753969;26.714864;,
  8.740007;6.779806;26.431341;,
  8.775214;7.419600;26.772950;,
  8.189570;7.462605;27.434355;,
  7.911980;7.399939;28.095488;,
  8.032150;7.917531;28.652611;,
  8.273713;7.262879;28.118982;,
  8.597154;7.459234;27.423709;,
  8.757697;7.308098;28.175219;,
  8.460279;8.033356;28.775286;,
  9.012979;7.608765;27.447021;,
  9.163626;7.669529;28.180739;,
  8.839746;8.220076;28.727520;,
  8.388756;9.339095;28.776624;,
  8.014791;9.273822;28.893859;,
  8.348572;10.590640;28.315338;,
  8.628305;10.563903;28.015123;,
  9.040162;8.581036;28.592288;,
  8.939566;9.347629;28.169798;,
  9.195511;9.287945;27.666979;,
  9.050283;10.452385;27.163219;,
  9.403141;9.179694;27.051466;,
  9.506290;9.351160;25.708717;,
  9.360269;8.079246;25.998709;,
  9.315768;8.583654;24.763794;,
  9.743046;5.669819;23.500989;,
  9.197117;7.793182;26.694469;,
  9.415839;8.167463;27.523965;,
  9.314000;8.353870;28.198285;,
  5.910239;2.483723;25.715677;,
  6.043624;3.774082;25.788240;,
  2.563479;38.108787;23.678400;,
  3.382003;38.161773;23.570914;,
  3.252308;37.915578;24.954376;,
  -4.536668;38.338800;29.205600;,
  -5.461272;38.394714;29.410026;,
  -5.052091;37.864128;27.965878;,
  -3.481661;38.283901;28.969482;,
  -3.113867;37.717507;27.422230;,
  -4.821381;37.587600;26.482592;,
  -0.727010;37.793280;25.581338;,
  3.301485;37.882810;26.293101;,
  -0.457940;37.975587;24.144342;,
  -0.314042;38.053574;22.744885;,
  0.819769;38.093971;22.515856;,
  2.108036;38.211574;21.931906;,
  3.034910;38.278557;22.151440;,
  -4.990944;37.811117;24.968387;,
  -3.169901;38.222080;23.600314;,
  -1.648507;38.069587;24.091894;,
  -0.545102;53.919712;38.260115;,
  -0.058889;53.630685;38.243242;,
  -0.018711;53.793722;38.347491;,
  -0.981272;55.279398;38.685174;,
  -0.867599;54.516896;38.923907;,
  -1.145064;54.440512;39.798157;,
  -0.766834;54.641882;38.532630;,
  -1.149606;55.229094;38.249859;,
  -0.908214;54.482803;38.296531;,
  -0.503749;54.071347;38.707574;,
  -0.042137;53.719910;38.538390;,
  -0.013506;52.860109;38.867747;,
  -0.622809;53.094390;39.211213;,
  -1.006862;53.654214;40.738099;,
  -1.038703;52.501891;40.341600;,
  -1.002868;53.353120;39.673782;,
  -0.889845;52.435296;39.784378;,
  -0.666003;51.489754;39.632934;,
  -0.467721;50.482979;39.820992;,
  0.070214;49.894685;38.891917;,
  0.374007;49.257632;38.991098;,
  0.529751;49.651018;38.493603;,
  0.808447;49.183744;38.454118;,
  0.852661;49.603462;38.355072;,
  0.763028;48.975066;38.778992;,
  0.805227;50.134560;38.376266;,
  1.272742;50.141539;38.353008;,
  0.852661;49.603462;38.355072;,
  1.553915;49.687709;38.450733;,
  1.288743;49.162614;38.450003;,
  1.232250;48.978691;38.789382;,
  0.809693;49.243750;39.518422;,
  0.116189;49.669232;39.776301;,
  0.380504;51.525718;38.813584;,
  1.217256;50.786413;38.535725;,
  1.691970;50.679306;38.757786;,
  1.846877;49.924611;38.823872;,
  1.595386;49.274611;38.932170;,
  1.419864;49.679165;39.774710;,
  1.672331;51.383366;38.995926;,
  1.989740;51.245094;39.462877;,
  1.945355;50.357741;39.549210;,
  1.715868;50.233472;39.937978;,
  1.183628;50.771043;40.701037;,
  0.877094;49.870109;40.217133;,
  0.394937;51.524979;41.229984;,
  0.944268;52.634915;41.243638;,
  1.460522;52.685376;38.977389;,
  1.924379;51.863008;40.182285;,
  1.890540;52.664186;39.519578;,
  1.933824;53.871245;38.996797;,
  1.323677;53.898298;38.324989;,
  2.168470;55.171667;38.145738;,
  1.298746;53.989146;38.103914;,
  2.361295;54.900198;37.774896;,
  1.414263;53.704947;38.057616;,
  3.206054;56.377254;37.351661;,
  1.947827;53.425952;40.004563;,
  2.210186;55.066950;39.335910;,
  2.354369;56.126464;38.788240;,
  2.656649;56.797139;37.574880;,
  2.325378;57.422112;38.021766;,
  3.142789;58.258630;36.856643;,
  1.680683;59.119040;37.329776;,
  0.912685;60.499290;36.461786;,
  1.865394;60.399693;36.366189;,
  -0.025305;60.349293;36.399123;,
  -0.912367;60.081786;36.234093;,
  0.007982;59.183302;37.516083;,
  0.877497;59.312928;37.516845;,
  1.754319;58.050400;38.489789;,
  1.831684;56.868237;39.444518;,
  1.783316;55.648685;40.085565;,
  1.595316;53.587613;40.712701;,
  0.965861;54.839846;40.969658;,
  0.977020;57.235872;39.768624;,
  0.910133;58.345254;38.740314;,
  0.165671;53.789581;41.370877;,
  0.094987;56.188960;40.501584;,
  0.015784;57.222624;39.716496;,
  -0.038427;58.216301;38.731738;,
  -0.759942;58.822989;37.280906;,
  -0.798455;57.722707;38.394333;,
  -0.776021;56.798266;39.345296;,
  -0.686300;55.984954;40.146083;,
  -0.620154;54.966784;40.817632;,
  -1.051354;54.745491;40.318864;,
  -1.066593;55.522586;39.658368;,
  -1.088239;56.227686;38.752608;,
  -1.218013;57.404806;37.903862;,
  -1.477661;58.632730;37.061990;,
  -1.422382;56.159616;38.066720;,
  -1.850150;57.265434;37.604893;,
  0.092351;50.469642;40.659293;,
  -0.408905;52.564736;41.284899;,
  -0.534388;53.740851;41.185149;,
  -0.648763;51.406554;40.728758;,
  -0.880341;52.523789;40.881536;,
  -6.578582;95.823718;-45.644947;,
  -6.706660;95.705293;-45.779354;,
  -6.548159;95.813766;-45.801923;,
  -6.507961;95.821261;-45.954365;,
  -6.462487;95.772589;-45.945386;,
  -6.578582;95.823718;-45.644947;,
  -6.583418;95.931302;-45.840838;,
  -6.438020;95.843552;-46.215939;,
  -6.549520;95.723891;-45.962480;,
  -6.722747;95.652480;-45.972483;,
  -6.815855;95.615610;-46.226570;,
  -6.625941;95.642336;-46.043011;,
  -6.474375;95.725069;-46.230666;,
  -8.919642;36.258752;-21.536578;,
  -7.923466;35.239194;-21.965184;,
  -8.565901;37.478970;-21.275094;,
  -7.660826;36.562909;-21.924099;,
  -7.242704;37.714195;-22.081149;,
  -9.732782;37.349136;-21.197616;,
  -10.017532;36.132445;-21.708486;,
  -8.226320;33.884547;-22.117106;,
  -6.960539;34.179328;-22.456877;,
  -6.796609;35.508416;-22.575526;,
  -6.557322;36.743478;-22.825901;,
  -6.160095;37.735014;-23.348685;,
  -6.163694;34.340966;-23.116638;,
  -5.917353;34.367101;-23.625678;,
  -6.065878;35.559642;-23.533085;,
  -5.431512;31.981853;-23.276498;,
  -5.295841;32.023875;-23.768795;,
  -5.382201;32.010698;-25.003243;,
  -5.797433;34.303139;-24.996941;,
  -5.833937;35.457594;-25.013128;,
  -5.822268;36.573094;-24.991882;,
  -5.924749;36.652854;-24.198002;,
  -5.862239;37.663517;-24.123678;,
  -5.666504;38.357376;-24.899291;,
  -5.649277;38.379459;-23.989658;,
  -5.363999;38.779312;-24.857563;,
  -5.195952;38.715981;-23.801994;,
  -4.857249;38.854298;-24.837206;,
  -4.574298;38.680877;-23.633011;,
  -5.857139;38.392902;-23.105243;,
  -5.277482;38.745811;-22.765747;,
  -5.717304;39.008096;-21.855221;,
  -6.441758;38.557974;-22.399819;,
  -4.443604;38.743354;-22.381968;,
  -4.514867;39.142506;-20.995445;,
  -6.569220;39.150070;-21.169480;,
  -7.120623;38.539440;-21.740982;,
  -5.692820;39.557494;-20.345458;,
  -4.923290;39.991395;-19.390843;,
  -3.807791;39.583786;-19.654597;,
  -10.367574;33.755811;-22.818043;,
  -9.510822;33.738746;-22.275461;,
  -10.185474;34.939901;-22.281053;,
  -10.675974;37.344131;-21.582638;,
  -9.812726;38.488528;-20.720826;,
